0,0,0,0
0,0,0,1
5,6,1,2
29,32,3,3
74,90,16,3
131,144,13,3
170,179,9,4
199,193,-6,5
211,204,-7,5
240,255,15,5
344,356,12,5
399,398,-1,3
413,413,0,2
423,424,1,1
426,423,-3,0
418,413,-5,0
410,406,-4,0
408,401,-7,-2
379,373,-6,-4
342,338,-4,-4
287,278,-9,-5
217,213,-4,-5
181,178,-3,-6
158,149,-9,-6
132,126,-6,-6
87,66,-21,-6
0,0,0,-5
0,0,0,-4
0,0,0,-4
0,0,0,-3
0,0,0,-2
0,0,0,-2
0,0,0,-1
0,0,0,0
0,0,0,0
0,0,0,0
0,0,0,1
4,8,4,2
30,28,-2,3
65,80,15,3
121,133,12,4
161,171,10,5
186,189,3,6
197,204,7,7
220,229,9,7
328,345,17,7
393,398,5,6
412,411,-1,4
426,424,-2,2
430,426,-4,1
435,422,-13,0
418,411,-7,-1
403,402,-1,-3
384,379,-5,-5
351,343,-8,-6
310,295,-15,-6
230,225,-5,-5
184,179,-5,-5
153,157,4,-5
134,137,3,-4
121,101,-20,-4
0,0,0,-4
0,0,0,-2
0,0,0,-2
0,0,0,-1
0,0,0,-1
0,0,0,-1
0,0,0,-1
0,0,0,0
0,0,0,0
0,0,0,0
0,0,0,1
3,6,3,3
27,32,5,3
55,77,22,4
124,137,13,4
177,172,-5,5
187,192,5,6
210,203,-7,7
207,229,22,6
333,345,12,6
394,399,5,4
413,411,-2,2
425,423,-2,1
433,427,-6,1
432,419,-13,0
410,411,1,0
405,404,-1,-2
381,381,0,-3
352,344,-8,-3
296,288,-8,-3
224,223,-1,-3
178,184,6,-3
156,156,0,-3
142,135,-7,-3
112,93,-19,-3
0,0,0,-3
0,0,0,-2
0,0,0,-2
0,0,0,-2
0,0,0,-2
0,0,0,-1
0,0,0,-1
0,0,0,0
0,0,0,0
0,0,0,0
0,0,0,0
0,5,5,1
25,27,2,2
58,64,6,3
117,131,14,3
169,172,3,4
185,188,3,4
201,203,2,5
209,214,5,6
324,339,15,5
391,399,8,5
412,414,2,3
429,426,-3,2
434,431,-3,1
441,430,-11,0
415,414,-1,-1
408,406,-2,-2
394,386,-8,-4
362,351,-11,-5
313,298,-15,-5
231,231,0,-5
188,186,-2,-5
156,158,2,-5
143,136,-7,-5
127,111,-16,-5
0,0,0,-4
0,0,0,-3
0,0,0,-2
0,0,0,-2
0,0,0,-1
0,0,0,-1
0,0,0,0
0,0,0,0
0,0,0,0
0,0,0,0
0,0,0,1
0,4,4,2
23,29,6,3
53,67,14,3
123,130,7,3
160,168,8,3
196,187,-9,4
199,198,-1,4
223,221,-2,5
319,341,22,4
395,400,5,3
412,413,1,1
426,424,-2,0
435,430,-5,0
444,433,-11,0
418,414,-4,-2
410,405,-5,-3
395,385,-10,-6
360,348,-12,-7
319,304,-15,-6
242,234,-8,-6
183,187,4,-6
157,157,0,-6
141,137,-4,-5
118,108,-10,-4
0,0,0,-3
0,0,0,-2
0,0,0,-1
0,0,0,-1
0,0,0,-1
0,0,0,-1
0,0,0,0
0,0,0,0
0,0,0,0
0,0,0,0
0,0,0,1
0,3,3,2
26,30,4,3
56,68,12,4
115,129,14,5
160,169,9,5
183,192,9,6
205,205,0,7
215,216,1,7
322,337,15,6
390,399,9,5
416,415,-1,3
429,426,-3,2
435,432,-3,0
444,432,-12,0
416,417,1,-1
418,409,-9,-2
394,388,-6,-4
363,355,-8,-4
309,310,1,-4
242,236,-6,-4
193,191,-2,-4
163,162,-1,-3
141,144,3,-2
122,115,-7,-2
2,2,0,-1
0,0,0,-1
0,0,0,-1
0,0,0,0
0,0,0,0
0,0,0,0
0,0,0,0
0,0,0,0
0,0,0,0
0,0,0,0
0,0,0,1
0,3,3,2
19,23,4,3
51,60,9,3
108,122,14,4
158,171,13,4
192,186,-6,5
202,205,3,5
214,217,3,6
318,331,13,5
386,395,9,5
409,411,2,3
426,426,0,2
434,432,-2,1
443,438,-5,0
424,418,-6,-1
418,409,-9,-2
396,389,-7,-4
368,357,-11,-5
323,315,-8,-5
250,242,-8,-5
187,194,7,-4
169,167,-2,-4
140,143,3,-3
127,121,-6,-2
1,1,0,-1
0,0,0,0
0,0,0,0
0,0,0,0
0,0,0,0
0,0,0,0
0,0,0,0
0,0,0,0
0,0,0,0
0,0,0,0
0,0,0,0
0,0,0,1
18,25,7,1
59,59,0,1
108,120,12,2
166,169,3,2
196,192,-4,3
197,202,5,4
214,218,4,4
318,330,12,4
386,394,8,4
407,409,2,3
426,425,-1,2
431,429,-2,1
443,443,0,1
421,417,-4,0
416,409,-7,-1
400,393,-7,-3
370,362,-8,-3
330,319,-11,-4
249,247,-2,-4
195,201,6,-3
173,169,-4,-2
142,144,2,-2
122,127,5,0
8,10,2,0
0,0,0,0
0,0,0,1
0,0,0,0
0,0,0,0
0,0,0,0
0,0,0,0
0,0,0,0
0,0,0,0
0,0,0,0
0,0,0,0
0,0,0,1
18,22,4,2
51,58,7,3
105,122,17,4
162,167,5,4
189,193,4,5
199,204,5,6
215,217,2,6
313,329,16,6
387,392,5,6
405,410,5,4
428,426,-2,3
435,433,-2,2
443,440,-3,1
419,416,-3,0
412,409,-3,-1
400,392,-8,-2
370,362,-8,-2
325,320,-5,-2
252,252,0,-1
189,199,10,-1
167,170,3,-1
145,148,3,-1
133,125,-8,0
10,9,-1,0
0,0,0,0
0,0,0,0
0,0,0,0
0,0,0,0
0,0,0,0
0,0,0,0
0,0,0,0
0,0,0,0
0,0,0,0
0,0,0,0
0,0,0,1
19,27,8,1
54,58,4,2
114,117,3,2
162,168,6,3
190,190,0,4
194,200,6,4
210,215,5,5
313,327,14,5
381,390,9,4
406,409,3,3
426,421,-5,2
433,431,-2,1
444,436,-8,0
421,415,-6,-1
415,409,-6,-2
389,385,-4,-4
363,355,-8,-4
327,314,-13,-4
243,240,-3,-4
178,189,11,-3
158,160,2,-3
147,144,-3,-2
128,120,-8,-1
3,5,2,-1
0,0,0,0
0,0,0,0
0,0,0,0
0,0,0,0
0,0,0,0
0,0,0,0
0,0,0,0
0,0,0,0
0,0,0,0
0,0,0,0
0,0,0,1
18,22,4,2
51,53,2,2
98,116,18,2
155,164,9,2
190,183,-7,2
202,198,-4,3
214,213,-1,4
304,316,12,3
375,383,8,3
403,404,1,2
422,420,-2,0
430,427,-3,0
435,434,-1,0
420,411,-9,0
411,407,-4,-1
397,392,-5,-2
363,361,-2,-3
324,320,-4,-3
254,248,-6,-3
195,192,-3,-3
160,160,0,-2
135,142,7,-2
128,123,-5,-1
13,11,-2,-1
0,0,0,0
0,0,0,0
0,0,0,0
0,0,0,0
0,0,0,0
0,0,0,0
0,0,0,0
0,0,0,0
0,0,0,0
0,0,0,1
0,0,0,1
13,20,7,2
42,52,10,3
108,116,8,3
167,168,1,3
183,189,6,3
204,203,-1,4
207,208,1,4
314,321,7,4
378,384,6,3
400,404,4,2
421,418,-3,1
428,426,-2,0
438,437,-1,0
414,408,-6,-1
409,400,-9,-2
390,384,-6,-3
359,354,-5,-4
320,314,-6,-5
247,239,-8,-5
195,187,-8,-5
160,158,-2,-4
132,131,-1,-3
116,117,1,-3
0,3,3,-2
0,0,0,-1
0,0,0,0
0,0,0,0
0,0,0,0
0,0,0,0
0,0,0,0
0,0,0,0
0,0,0,0
0,0,0,0
0,0,0,0
0,0,0,1
12,18,6,3
41,48,7,3
94,110,16,4
148,158,10,4
180,182,2,5
191,191,0,6
202,203,1,6
298,311,13,6
367,378,11,5
395,396,1,4
414,413,-1,2
422,418,-4,1
431,429,-2,0
413,408,-5,0
410,400,-10,-1
391,384,-7,-3
353,353,0,-4
312,309,-3,-5
252,236,-16,-5
189,183,-6,-5
152,148,-4,-5
126,131,5,-4
118,108,-10,-3
0,1,1,-3
0,0,0,-2
0,0,0,-2
0,0,0,-1
0,0,0,0
0,0,0,0
0,0,0,0
0,0,0,0
0,0,0,0
0,0,0,0
0,0,0,0
0,0,0,0
10,13,3,1
42,46,4,1
96,103,7,1
151,154,3,2
181,180,-1,3
190,190,0,4
198,203,5,4
292,311,19,4
362,372,10,4
394,394,0,4
412,413,1,3
418,416,-2,2
422,422,0,1
407,404,-3,0
407,396,-11,0
384,382,-2,-3
359,353,-6,-4
320,312,-8,-4
251,240,-11,-4
187,187,0,-4
158,157,-1,-4
137,133,-4,-4
117,112,-5,-3
7,4,-3,-3
0,0,0,-2
0,0,0,-1
0,0,0,-1
0,0,0,-1
0,0,0,0
0,0,0,0
0,0,0,0
0,0,0,0
0,0,0,0
0,0,0,0
0,0,0,1
10,12,2,2
38,44,6,2
93,103,10,2
144,153,9,2
177,176,-1,4
190,188,-2,5
195,200,5,6
274,304,30,6
363,371,8,6
392,394,2,4
415,413,-2,4
422,419,-3,3
424,422,-2,2
410,406,-4,1
403,399,-4,0
390,381,-9,-3
357,351,-6,-4
320,312,-8,-4
259,246,-13,-4
183,187,4,-3
148,154,6,-3
136,134,-2,-3
98,108,10,-3
31,11,-20,-2
0,0,0,-2
0,0,0,0
0,0,0,0
0,0,0,-1
0,0,0,-1
0,0,0,-1
0,0,0,-1
0,0,0,0
0,0,0,0
0,0,0,0
0,0,0,0
13,11,-2,0
39,46,7,1
91,97,6,1
147,147,0,1
174,177,3,3
192,191,-1,4
200,200,0,4
262,294,32,5
359,367,8,5
391,391,0,4
408,409,1,3
420,416,-4,3
423,420,-3,1
412,404,-8,1
402,402,0,0
393,385,-8,-3
354,353,-1,-4
322,311,-11,-4
256,251,-5,-4
190,186,-4,-3
153,154,1,-3
124,127,3,-2
105,113,8,-2
27,12,-15,-2
0,0,0,-1
0,0,0,0
0,0,0,0
0,0,0,0
0,0,0,0
0,0,0,0
0,0,0,0
0,0,0,0
0,0,0,0
0,0,0,0
0,0,0,1
8,9,1,1
32,36,4,1
78,89,11,2
141,144,3,2
176,174,-2,3
189,192,3,4
201,198,-3,5
238,266,28,5
347,356,9,5
393,394,1,4
408,408,0,3
421,419,-2,3
420,418,-2,2
406,402,-4,0
401,398,-3,0
393,389,-4,-2
368,357,-11,-3
326,321,-5,-3
267,258,-9,-2
194,199,5,-2
152,160,8,-2
129,136,7,-2
111,110,-1,-1
49,36,-13,-1
0,0,0,0
0,0,0,0
0,0,0,0
0,0,0,0
0,0,0,0
0,0,0,-1
0,0,0,0
0,0,0,0
0,0,0,0
0,0,0,0
0,0,0,1
9,9,0,1
29,35,6,2
67,81,14,1
132,136,4,1
179,174,-5,2
192,188,-4,3
205,202,-3,3
223,239,16,3
334,348,14,3
391,392,1,2
407,406,-1,1
419,416,-3,1
421,417,-4,0
413,408,-5,0
405,399,-6,0
393,391,-2,-2
370,364,-6,-4
333,328,-5,-4
278,270,-8,-4
210,204,-6,-4
170,164,-6,-4
137,139,2,-4
115,120,5,-4
77,59,-18,-3
0,0,0,-3
0,0,0,-2
0,0,0,-2
0,0,0,-1
0,0,0,-1
0,0,0,-1
0,0,0,0
0,0,0,0
0,0,0,0
0,0,0,0
0,0,0,0
1,4,3,1
27,28,1,1
65,68,3,1
123,130,7,2
160,168,8,2
184,183,-1,4
193,198,5,5
208,212,4,5
314,335,21,5
384,390,6,4
402,402,0,3
418,415,-3,2
424,419,-5,1
431,419,-12,0
408,403,-5,-1
397,395,-2,-3
377,372,-5,-5
345,334,-11,-6
296,285,-11,-6
219,214,-5,-6
173,170,-3,-6
148,144,-4,-6
130,122,-8,-6
103,88,-15,-6
0,0,0,-5
0,0,0,-4
0,0,0,-3
0,0,0,-2
0,0,0,-2
0,0,0,-1
0,0,0,0
0,0,0,0
0,0,0,0
0,0,0,0
0,0,0,0
0,1,1,1
19,24,5,2
55,61,6,2
104,121,17,2
168,165,-3,3
183,185,2,3
199,198,-1,4
207,208,1,4
309,323,14,4
380,387,7,4
399,401,2,2
417,416,-1,1
421,420,-1,0
429,422,-7,0
408,401,-7,-1
402,396,-6,-3
382,374,-8,-4
353,342,-11,-5
311,300,-11,-5
224,221,-3,-5
176,178,2,-5
144,146,2,-4
127,127,0,-3
105,98,-7,-2
0,1,1,-2
0,0,0,0
0,0,0,0
0,0,0,0
0,0,0,0
0,0,0,0
0,0,0,0
0,0,0,0
0,0,0,0
0,0,0,0
0,0,0,0
0,0,0,0
13,20,7,1
53,55,2,1
112,113,1,1
160,162,2,1
175,180,5,2
204,199,-5,2
208,210,2,3
307,318,11,3
372,382,10,2
397,399,2,2
416,414,-2,1
426,422,-4,1
434,430,-4,0
409,405,-4,0
400,400,0,0
384,380,-4,-2
354,351,-3,-3
317,310,-7,-3
240,229,-11,-3
184,182,-2,-2
145,149,4,-2
120,128,8,-2
113,106,-7,-1
0,0,0,-1
0,0,0,0
0,0,0,0
0,0,0,0
0,0,0,0
0,0,0,0
0,0,0,0
0,0,0,0
0,0,0,0
0,0,0,0
0,0,0,1
0,0,0,2
15,19,4,3
40,53,13,3
96,116,20,3
160,162,2,3
186,183,-3,3
198,194,-4,4
207,208,1,4
309,314,5,4
370,380,10,3
396,399,3,2
413,412,-1,1
421,418,-3,0
428,431,3,0
410,405,-5,0
404,399,-5,0
382,379,-3,-1
353,349,-4,-1
311,311,0,-1
240,238,-2,0
179,179,0,-1
136,150,14,0
131,131,0,0
117,106,-11,0
0,0,0,0
0,0,0,0
0,0,0,0
0,0,0,0
0,0,0,0
0,0,0,0
0,0,0,0
0,0,0,0
0,0,0,0
0,0,0,0
0,0,0,0
0,0,0,1
12,12,0,2
37,44,7,2
97,107,10,2
148,159,11,2
174,178,4,3
199,192,-7,4
208,206,-2,4
293,309,16,4
366,374,8,4
394,395,1,3
415,415,0,2
419,418,-1,1
421,423,2,1
405,401,-4,0
405,398,-7,0
381,381,0,-1
359,351,-8,-2
310,310,0,-3
245,239,-6,-3
189,183,-6,-3
155,151,-4,-2
125,126,1,-2
105,109,4,-1
3,5,2,-1
0,0,0,0
0,0,0,0
0,0,0,0
0,0,0,0
0,0,0,0
0,0,0,0
0,0,0,0
0,0,0,0
0,0,0,0
0,0,0,0
0,0,0,0
10,10,0,1
38,41,3,1
93,100,7,1
148,153,5,1
180,179,-1,2
190,190,0,3
206,203,-3,4
278,297,19,4
357,370,13,4
393,394,1,3
412,411,-1,2
422,418,-4,2
422,420,-2,0
407,404,-3,0
401,395,-6,-1
389,379,-10,-3
355,346,-9,-4
317,313,-4,-4
257,249,-8,-4
181,186,5,-3
158,153,-5,-3
122,128,6,-3
111,112,1,-2
22,12,-10,-1
0,0,0,-1
0,0,0,0
0,0,0,0
0,0,0,0
0,0,0,0
0,0,0,0
0,0,0,0
0,0,0,0
0,0,0,0
0,0,0,0
0,0,0,0
12,12,0,0
39,45,6,0
95,99,4,1
150,151,1,1
178,176,-2,2
188,195,7,3
205,199,-6,4
270,295,25,4
352,364,12,5
389,391,2,4
406,408,2,3
415,413,-2,3
419,418,-1,2
412,404,-8,1
397,398,1,0
388,380,-8,-2
358,349,-9,-3
310,308,-2,-3
251,245,-6,-4
182,183,1,-4
152,148,-4,-4
133,125,-8,-4
110,110,0,-4
24,8,-16,-4
0,0,0,-3
0,0,0,-2
0,0,0,-2
0,0,0,-2
0,0,0,-1
0,0,0,-1
0,0,0,0
0,0,0,0
0,0,0,0
0,0,0,0
0,0,0,1
8,10,2,1
34,39,5,2
82,93,11,2
137,143,6,3
166,173,7,4
194,189,-5,6
196,201,5,6
240,267,27,6
345,355,10,6
389,388,-1,5
407,406,-1,4
419,416,-3,3
416,415,-1,2
404,402,-2,1
398,398,0,0
393,385,-8,-3
370,356,-14,-4
322,316,-6,-4
267,257,-10,-4
198,194,-4,-5
158,158,0,-6
128,129,1,-6
117,112,-5,-6
57,30,-27,-5
0,0,0,-5
0,0,0,-3
0,0,0,-3
0,0,0,-3
0,0,0,-2
0,0,0,-2
0,0,0,-1
0,0,0,0
0,0,0,0
0,0,0,0
0,0,0,1
10,11,1,2
34,39,5,2
76,92,16,3
141,145,4,3
172,177,5,4
186,190,4,5
195,195,0,6
243,261,18,6
348,357,9,5
389,389,0,4
406,404,-2,3
417,414,-3,2
416,415,-1,1
410,403,-7,0
398,396,-2,-2
391,384,-7,-3
363,352,-11,-4
325,316,-9,-4
267,262,-5,-3
189,190,1,-3
144,153,9,-4
126,127,1,-4
122,111,-11,-4
58,39,-19,-3
0,0,0,-3
0,0,0,-2
0,0,0,-2
0,0,0,-2
0,0,0,-2
0,0,0,-2
0,0,0,-1
0,0,0,0
0,0,0,0
0,0,0,0
0,0,0,1
7,8,1,2
32,35,3,2
62,78,16,2
130,140,10,2
176,171,-5,3
180,185,5,3
207,198,-9,4
218,231,13,4
334,345,11,4
389,391,2,3
401,401,0,1
415,413,-2,0
416,412,-4,0
413,404,-9,0
400,397,-3,-1
390,386,-4,-3
368,362,-6,-4
327,324,-3,-5
279,266,-13,-4
207,202,-5,-4
161,158,-3,-4
132,136,4,-4
116,119,3,-4
78,61,-17,-3
0,0,0,-3
0,0,0,-2
0,0,0,-1
0,0,0,-1
0,0,0,-1
0,0,0,-1
0,0,0,0
0,0,0,0
0,0,0,0
0,0,0,0
0,0,0,0
5,7,2,0
26,27,1,0
67,70,3,0
127,130,3,0
174,170,-4,0
192,187,-5,1
192,198,6,2
214,221,7,3
319,336,17,3
384,390,6,3
401,401,0,1
415,413,-2,1
420,415,-5,1
419,408,-11,0
404,398,-6,-1
390,388,-2,-3
375,368,-7,-6
338,328,-10,-7
295,281,-14,-7
217,204,-13,-7
161,160,-1,-7
138,137,-1,-6
122,117,-5,-6
92,83,-9,-5
0,0,0,-4
0,0,0,-3
0,0,0,-2
0,0,0,-1
0,0,0,-1
0,0,0,0
0,0,0,0
0,0,0,0
0,0,0,0
0,0,0,0
0,0,0,0
0,0,0,1
17,21,4,2
44,52,8,2
114,118,4,2
152,164,12,2
185,179,-6,3
190,194,4,3
203,202,-1,4
309,320,11,3
375,384,9,3
399,398,-1,1
416,412,-4,0
421,419,-2,0
431,423,-8,-1
405,396,-9,-2
395,389,-6,-3
379,371,-8,-5
346,337,-9,-5
306,296,-10,-5
224,223,-1,-4
167,174,7,-4
138,142,4,-3
127,118,-9,-3
104,99,-5,-2
0,0,0,-1
0,0,0,-1
0,0,0,0
0,0,0,0
0,0,0,0
0,0,0,0
0,0,0,0
0,0,0,0
0,0,0,0
0,0,0,0
0,0,0,0
0,0,0,1
14,19,5,2
39,47,8,3
95,107,12,3
150,157,7,4
173,178,5,4
190,194,4,5
206,205,-1,5
301,311,10,5
368,378,10,4
394,394,0,3
412,409,-3,2
419,416,-3,1
422,424,2,0
407,401,-6,0
399,393,-6,-1
380,375,-5,-3
346,346,0,-3
314,306,-8,-3
246,232,-14,-4
174,177,3,-4
142,144,2,-4
129,118,-11,-4
107,101,-6,-3
0,0,0,-3
0,0,0,-2
0,0,0,-2
0,0,0,-1
0,0,0,-1
0,0,0,-1
0,0,0,0
0,0,0,0
0,0,0,0
0,0,0,0
0,0,0,0
0,0,0,0
12,11,-1,0
45,44,-1,0
99,104,5,0
148,156,8,0
182,181,-1,1
199,194,-5,2
201,200,-1,2
287,303,16,2
365,372,7,2
392,394,2,2
412,411,-1,1
419,416,-3,0
421,421,0,0
407,399,-8,0
402,393,-9,-1
384,378,-6,-3
349,348,-1,-3
308,307,-1,-4
248,236,-12,-4
175,177,2,-4
155,148,-7,-3
124,124,0,-3
112,107,-5,-2
0,1,1,-2
0,0,0,-1
0,0,0,-1
0,0,0,0
0,0,0,0
0,0,0,0
0,0,0,0
0,0,0,0
0,0,0,0
0,0,0,0
0,0,0,0
0,0,0,0
13,12,-1,0
46,47,1,0
100,100,0,1
150,160,10,2
175,178,3,4
182,196,14,5
197,207,10,6
289,307,18,6
367,374,7,6
395,395,0,5
414,411,-3,5
422,417,-5,3
425,426,1,2
406,402,-4,0
403,395,-8,-1
376,375,-1,-3
346,346,0,-3
315,305,-10,-3
246,236,-10,-3
182,184,2,-1
146,149,3,-1
121,127,6,0
103,110,7,0
2,4,2,0
0,0,0,0
0,0,0,1
0,0,0,1
0,0,0,1
0,0,0,1
0,0,0,0
0,0,0,0
0,0,0,0
0,0,0,0
0,0,0,0
0,0,0,1
13,11,-2,1
38,45,7,1
84,100,16,2
154,151,-3,2
172,175,3,2
192,194,2,4
207,199,-8,4
274,297,23,4
358,367,9,4
391,393,2,3
410,409,-1,2
419,415,-4,1
421,419,-2,0
408,402,-6,0
399,395,-4,-1
390,379,-11,-3
349,348,-1,-4
319,310,-9,-3
258,247,-11,-4
180,188,8,-3
144,148,4,-2
129,127,-2,-2
106,109,3,-1
13,7,-6,0
0,0,0,0
0,0,0,0
0,0,0,0
0,0,0,0
0,0,0,0
0,0,0,0
0,0,0,0
0,0,0,0
0,0,0,0
0,0,0,0
0,0,0,0
11,12,1,1
41,44,3,1
101,105,4,2
149,157,8,2
169,176,7,3
197,196,-1,3
199,202,3,4
298,308,10,4
366,376,10,4
393,393,0,3
412,412,0,3
420,416,-4,2
420,426,6,1
409,402,-7,0
398,394,-4,-1
381,376,-5,-2
348,345,-3,-4
316,306,-10,-4
250,237,-13,-4
187,184,-3,-5
151,150,-1,-5
136,130,-6,-4
107,105,-2,-4
0,1,1,-3
0,0,0,-2
0,0,0,-1
0,0,0,0
0,0,0,0
0,0,0,0
0,0,0,0
0,0,0,0
0,0,0,0
0,0,0,0
0,0,0,0
0,0,0,0
11,10,-1,0
45,45,0,0
100,101,1,0
156,157,1,0
172,180,8,0
203,196,-7,1
208,201,-7,1
293,307,14,1
366,374,8,1
393,393,0,1
411,409,-2,0
420,417,-3,0
423,423,0,-1
406,397,-9,-1
403,395,-8,-2
387,379,-8,-3
349,350,1,-4
311,307,-4,-4
241,240,-1,-3
185,177,-8,-3
150,147,-3,-3
124,130,6,-1
107,107,0,-1
0,1,1,0
0,0,0,0
0,0,0,0
0,0,0,0
0,0,0,0
0,0,0,0
0,0,0,0
0,0,0,0
0,0,0,0
0,0,0,0
0,0,0,0
0,0,0,1
11,12,1,1
39,48,9,2
93,100,7,3
148,155,7,4
168,176,8,5
189,196,7,7
199,204,5,7
282,307,25,7
362,370,8,7
392,393,1,5
409,408,-1,5
419,416,-3,3
421,419,-2,1
406,401,-5,0
402,395,-7,-1
390,380,-10,-3
352,348,-4,-4
317,307,-10,-4
243,240,-3,-4
187,183,-4,-4
144,150,6,-4
128,128,0,-3
111,107,-4,-3
14,4,-10,-2
0,0,0,-2
0,0,0,-1
0,0,0,-1
0,0,0,-1
0,0,0,-1
0,0,0,-1
0,0,0,0
0,0,0,0
0,0,0,0
0,0,0,0
0,0,0,0
14,13,-1,1
40,41,1,2
86,102,16,2
146,156,10,3
172,176,4,4
197,196,-1,5
203,200,-3,6
269,298,29,6
360,369,9,6
395,395,0,4
411,409,-2,3
421,416,-5,1
424,421,-3,0
413,404,-9,0
404,399,-5,-1
386,382,-4,-3
351,345,-6,-4
315,311,-4,-3
253,248,-5,-2
183,185,2,-2
147,153,6,-1
117,127,10,-1
118,113,-5,0
17,11,-6,0
0,0,0,0
0,0,0,0
0,0,0,0
0,0,0,0
0,0,0,0
0,0,0,0
0,0,0,0
0,0,0,0
0,0,0,0
0,0,0,0
0,0,0,0
12,11,-1,1
39,44,5,1
101,101,0,1
147,160,13,1
178,180,2,2
202,196,-6,2
210,206,-4,3
294,307,13,3
362,373,11,3
393,393,0,2
411,411,0,2
418,416,-2,1
420,423,3,0
407,402,-5,0
399,395,-4,-1
391,379,-12,-2
351,345,-6,-3
312,310,-2,-3
251,241,-10,-3
181,182,1,-2
151,153,2,-1
116,126,10,-1
96,108,12,0
9,4,-5,0
0,0,0,1
0,0,0,1
0,0,0,1
0,0,0,1
0,0,0,1
0,0,0,0
0,0,0,0
0,0,0,0
0,0,0,0
0,0,0,0
0,0,0,0
11,11,0,0
45,42,-3,1
91,101,10,2
146,154,8,2
167,177,10,3
188,192,4,5
204,202,-2,5
273,295,22,6
355,366,11,6
393,393,0,4
409,407,-2,3
420,415,-5,2
422,420,-2,1
409,404,-5,0
402,396,-6,-1
385,380,-5,-3
356,350,-6,-4
322,313,-9,-3
256,252,-4,-2
186,190,4,-1
144,154,10,-2
131,134,3,-1
113,115,2,-1
28,14,-14,0
0,0,0,0
0,0,0,0
0,0,0,0
0,0,0,0
0,0,0,0
0,0,0,-1
0,0,0,0
0,0,0,0
0,0,0,0
0,0,0,0
0,0,0,0
12,11,-1,1
41,43,2,2
93,98,5,3
132,150,18,3
171,178,7,5
191,193,2,6
201,198,-3,7
254,289,35,7
354,364,10,7
392,392,0,6
408,408,0,5
416,412,-4,4
416,415,-1,2
405,403,-2,1
403,397,-6,0
389,380,-9,-3
356,350,-6,-3
320,312,-8,-4
252,251,-1,-4
187,185,-2,-4
159,155,-4,-4
130,126,-4,-4
107,110,3,-4
34,18,-16,-3
0,0,0,-3
0,0,0,-2
0,0,0,-2
0,0,0,-1
0,0,0,-1
0,0,0,-1
0,0,0,0
0,0,0,0
0,0,0,0
0,0,0,0
0,0,0,0
11,10,-1,0
36,42,6,1
89,93,4,1
142,146,4,1
169,175,6,2
194,192,-2,3
197,197,0,4
264,280,16,4
351,361,10,4
389,390,1,3
408,407,-1,2
420,417,-3,1
420,417,-3,0
407,402,-5,0
397,393,-4,-1
386,380,-6,-3
360,349,-11,-5
320,313,-7,-5
258,249,-9,-5
194,187,-7,-5
149,148,-1,-5
122,129,7,-4
116,111,-5,-4
25,15,-10,-3
0,0,0,-2
0,0,0,-1
0,0,0,-1
0,0,0,-1
0,0,0,0
0,0,0,-1
0,0,0,0
0,0,0,0
0,0,0,0
0,0,0,0
0,0,0,0
11,11,0,0
41,40,-1,1
93,96,3,1
141,145,4,2
161,175,14,4
189,192,3,5
197,198,1,6
251,282,31,7
349,361,12,7
390,390,0,5
404,404,0,5
416,412,-4,4
418,413,-5,2
405,401,-4,0
400,396,-4,-1
392,382,-10,-4
359,348,-11,-6
318,311,-7,-6
262,248,-14,-6
190,187,-3,-6
144,148,4,-5
129,126,-3,-5
115,111,-4,-5
23,13,-10,-4
0,0,0,-3
0,0,0,-2
0,0,0,-1
0,0,0,-1
0,0,0,-1
0,0,0,-1
0,0,0,0
0,0,0,0
0,0,0,0
0,0,0,0
0,0,0,0
8,7,-1,1
31,38,7,2
86,90,4,3
131,146,15,3
167,172,5,5
183,186,3,6
195,199,4,6
241,261,20,7
341,355,14,7
388,387,-1,5
404,403,-1,5
412,411,-1,3
414,412,-2,2
401,400,-1,0
397,393,-4,-1
389,381,-8,-2
364,350,-14,-3
320,315,-5,-3
252,255,3,-3
193,192,-1,-3
156,153,-3,-4
124,126,2,-4
107,109,2,-3
49,25,-24,-3
0,0,0,-2
0,0,0,-1
0,0,0,-2
0,0,0,-2
0,0,0,-1
0,0,0,-1
0,0,0,-1
0,0,0,0
0,0,0,0
0,0,0,0
0,0,0,1
10,10,0,1
32,40,8,2
79,87,8,3
133,143,10,4
164,174,10,5
188,192,4,7
197,198,1,7
234,263,29,8
342,353,11,8
390,391,1,6
405,403,-2,5
416,413,-3,4
420,415,-5,2
407,406,-1,1
396,394,-2,0
387,381,-6,-2
358,350,-8,-3
323,316,-7,-2
261,257,-4,-2
185,194,9,-1
152,161,9,-2
129,129,0,-3
117,108,-9,-2
48,28,-20,-2
0,0,0,-2
0,0,0,-1
0,0,0,-2
0,0,0,-2
0,0,0,-2
0,0,0,-2
0,0,0,-1
0,0,0,0
0,0,0,0
0,0,0,0
0,0,0,1
9,9,0,2
32,35,3,3
68,86,18,3
130,140,10,3
166,171,5,3
196,190,-6,4
202,196,-6,5
226,241,15,5
334,347,13,4
387,388,1,3
404,402,-2,1
413,411,-2,1
417,413,-4,0
408,401,-7,0
396,395,-1,-1
389,384,-5,-2
368,358,-10,-3
323,322,-1,-3
274,266,-8,-2
196,202,6,-2
160,159,-1,-2
129,134,5,-2
103,113,10,-1
73,51,-22,-1
0,0,0,-1
0,0,0,0
0,0,0,0
0,0,0,-1
0,0,0,0
0,0,0,-1
0,0,0,-1
0,0,0,0
0,0,0,0
0,0,0,0
0,0,0,0
5,7,2,1
26,27,1,2
61,69,8,2
120,130,10,3
158,166,8,4
185,189,4,5
195,193,-2,6
205,219,14,6
321,337,16,6
382,389,7,5
400,400,0,4
414,413,-1,3
418,414,-4,1
422,410,-12,0
401,398,-3,-1
391,387,-4,-3
375,368,-7,-5
343,332,-11,-5
294,280,-14,-4
209,210,1,-4
163,169,6,-3
134,138,4,-3
118,119,1,-2
95,87,-8,-2
0,0,0,-1
0,0,0,0
0,0,0,0
0,0,0,0
0,0,0,0
0,0,0,0
0,0,0,0
0,0,0,0
0,0,0,0
0,0,0,0
0,0,0,1
0,0,0,1
17,24,7,3
51,61,10,4
110,119,9,4
146,163,17,4
180,184,4,5
202,195,-7,5
209,210,1,6
307,323,16,6
377,385,8,4
399,398,-1,3
414,412,-2,1
420,418,-2,0
431,420,-11,-1
406,401,-5,-1
399,391,-8,-2
378,373,-5,-3
347,339,-8,-3
299,296,-3,-2
217,225,8,-1
167,178,11,0
147,149,2,0
123,126,3,0
100,102,2,1
0,0,0,2
0,0,0,2
0,0,0,2
0,0,0,1
0,0,0,0
0,0,0,0
0,0,0,0
0,0,0,0
0,0,0,0
0,0,0,0
0,0,0,0
0,0,0,1
21,25,4,1
50,57,7,1
112,116,4,0
165,162,-3,0
189,184,-5,1
200,197,-3,2
204,208,4,2
309,322,13,2
379,384,5,1
400,400,0,0
416,414,-2,0
420,416,-4,0
431,423,-8,-1
407,402,-5,-2
400,391,-9,-3
383,374,-9,-4
346,343,-3,-5
302,296,-6,-5
224,223,-1,-5
185,178,-7,-5
152,144,-8,-5
122,122,0,-4
113,106,-7,-3
0,0,0,-3
0,0,0,-2
0,0,0,-2
0,0,0,-1
0,0,0,-1
0,0,0,0
0,0,0,0
0,0,0,0
0,0,0,0
0,0,0,0
0,0,0,0
0,0,0,0
12,16,4,1
51,49,-2,1
102,108,6,2
151,158,7,3
172,183,11,4
196,198,2,5
200,206,6,5
303,317,14,5
371,380,9,5
396,397,1,4
415,414,-1,3
421,419,-2,2
427,424,-3,0
409,399,-10,0
402,395,-7,-2
382,376,-6,-3
348,343,-5,-4
309,306,-3,-3
233,230,-3,-3
173,176,3,-2
141,148,7,-1
125,125,0,0
106,107,1,0
0,0,0,0
0,0,0,0
0,0,0,0
0,0,0,0
0,0,0,0
0,0,0,0
0,0,0,0
0,0,0,0
0,0,0,0
0,0,0,0
0,0,0,0
0,0,0,1
15,20,5,1
40,48,8,1
110,113,3,1
164,163,-1,2
180,186,6,3
199,196,-3,3
203,206,3,3
305,319,14,4
376,385,9,3
398,399,1,2
416,413,-3,2
424,421,-3,1
429,427,-2,0
408,404,-4,0
396,397,1,-1
386,376,-10,-3
352,346,-6,-4
314,305,-9,-4
247,233,-14,-4
174,178,4,-4
149,150,1,-4
132,126,-6,-4
109,109,0,-3
0,1,1,-2
0,0,0,-1
0,0,0,0
0,0,0,0
0,0,0,0
0,0,0,0
0,0,0,0
0,0,0,0
0,0,0,0
0,0,0,0
0,0,0,0
0,0,0,1
13,18,5,2
42,52,10,4
94,107,13,4
152,159,7,5
166,180,14,5
195,196,1,6
204,205,1,6
305,311,6,6
368,378,10,5
399,398,-1,4
414,413,-1,2
421,418,-3,1
425,427,2,0
411,406,-5,0
404,399,-5,-1
391,380,-11,-3
354,350,-4,-4
314,312,-2,-4
254,241,-13,-4
189,187,-2,-3
157,156,-1,-3
127,132,5,-3
114,116,2,-2
8,4,-4,-1
0,0,0,-1
0,0,0,0
0,0,0,0
0,0,0,0
0,0,0,0
0,0,0,0
0,0,0,0
0,0,0,0
0,0,0,0
0,0,0,0
0,0,0,0
11,11,0,0
43,42,-1,1
94,101,7,1
154,158,4,1
178,182,4,2
201,198,-3,3
208,206,-2,3
280,304,24,4
363,372,9,4
399,397,-2,3
415,415,0,3
425,422,-3,2
426,425,-1,1
408,405,-3,0
403,398,-5,-1
390,381,-9,-3
357,351,-6,-3
322,316,-6,-3
255,253,-2,-4
188,186,-2,-3
152,156,4,-4
141,129,-12,-4
110,115,5,-4
29,12,-17,-3
0,0,0,-3
0,0,0,-2
0,0,0,-2
0,0,0,-2
0,0,0,-1
0,0,0,-1
0,0,0,0
0,0,0,0
0,0,0,0
0,0,0,0
0,0,0,0
15,14,-1,0
43,44,1,0
100,103,3,0
151,154,3,1
182,183,1,2
192,197,5,3
200,207,7,4
298,312,14,4
368,376,8,4
397,397,0,3
416,415,-1,3
422,419,-3,2
428,426,-2,1
406,402,-4,0
403,398,-5,-1
385,380,-5,-3
355,350,-5,-3
319,314,-5,-3
258,243,-15,-3
182,190,8,-2
157,158,1,0
119,131,12,0
107,114,7,1
3,9,6,1
0,0,0,2
0,0,0,2
0,0,0,3
0,0,0,2
0,0,0,1
0,0,0,0
0,0,0,0
0,0,0,0
0,0,0,0
0,0,0,0
0,0,0,1
10,11,1,2
41,46,5,3
90,104,14,3
146,156,10,4
178,183,5,5
193,195,2,6
199,206,7,7
286,301,15,7
357,374,17,7
394,395,1,6
413,413,0,4
422,419,-3,3
422,423,1,2
413,408,-5,0
406,399,-7,0
393,383,-10,-2
362,353,-9,-3
316,317,1,-3
258,247,-11,-3
184,190,6,-2
158,161,3,-2
127,132,5,-2
116,118,2,-1
14,5,-9,0
0,0,0,0
0,0,0,0
0,0,0,0
0,0,0,0
0,0,0,0
0,0,0,0
0,0,0,0
0,0,0,0
0,0,0,0
0,0,0,0
0,0,0,1
12,13,1,2
40,46,6,2
85,101,16,3
152,156,4,3
177,181,4,4
194,199,5,5
213,205,-8,6
281,306,25,5
362,372,10,5
397,397,0,4
415,412,-3,3
422,419,-3,2
426,425,-1,1
407,406,-1,0
402,401,-1,0
388,384,-4,-2
359,351,-8,-3
318,312,-6,-3
262,248,-14,-3
188,186,-2,-3
152,156,4,-3
131,131,0,-3
113,112,-1,-3
12,9,-3,-2
0,0,0,-1
0,0,0,0
0,0,0,0
0,0,0,0
0,0,0,0
0,0,0,0
0,0,0,0
0,0,0,0
0,0,0,0
0,0,0,0
0,0,0,1
13,13,0,2
42,48,6,2
89,103,14,3
145,157,12,3
178,177,-1,4
195,194,-1,5
204,206,2,5
287,307,20,5
366,374,8,5
398,397,-1,4
416,415,-1,2
423,420,-3,1
424,424,0,0
414,404,-10,0
406,402,-4,-1
389,384,-5,-3
356,354,-2,-4
322,315,-7,-4
262,248,-14,-4
197,191,-6,-3
152,158,6,-3
134,135,1,-2
109,117,8,-2
21,13,-8,-1
0,0,0,-1
0,0,0,0
0,0,0,0
0,0,0,0
0,0,0,0
0,0,0,0
0,0,0,0
0,0,0,0
0,0,0,0
0,0,0,0
0,0,0,1
13,16,3,1
40,46,6,1
91,102,11,2
159,158,-1,2
187,184,-3,3
193,197,4,4
209,207,-2,4
289,311,22,4
366,375,9,4
397,398,1,3
415,414,-1,2
422,419,-3,2
425,425,0,1
411,405,-6,0
402,398,-4,-1
388,384,-4,-3
357,349,-8,-4
320,313,-7,-4
256,245,-11,-3
188,188,0,-3
157,159,2,-2
128,136,8,-2
111,114,3,-1
11,9,-2,0
0,0,0,0
0,0,0,0
0,0,0,0
0,0,0,0
0,0,0,0
0,0,0,0
0,0,0,0
0,0,0,0
0,0,0,0
0,0,0,0
0,0,0,0
14,12,-2,0
42,44,2,0
95,102,7,0
159,153,-6,1
174,179,5,2
195,198,3,4
196,204,8,4
284,303,19,5
360,371,11,5
395,396,1,4
413,413,0,3
423,419,-4,2
426,423,-3,1
416,408,-8,0
407,399,-8,-1
391,385,-6,-3
360,353,-7,-4
321,317,-4,-4
256,249,-7,-3
184,191,7,-3
156,158,2,-2
127,133,6,-2
122,115,-7,-1
19,9,-10,-1
0,0,0,-1
0,0,0,0
0,0,0,0
0,0,0,-1
0,0,0,-1
0,0,0,-1
0,0,0,0
0,0,0,0
0,0,0,0
0,0,0,0
0,0,0,0
10,12,2,0
46,43,-3,0
98,98,0,0
141,147,6,1
177,177,0,3
187,195,8,4
201,205,4,5
263,290,27,6
352,367,15,6
395,394,-1,6
410,412,2,5
420,419,-1,5
421,422,1,3
414,406,-8,2
398,399,1,0
389,384,-5,-2
360,353,-7,-3
322,315,-7,-3
265,251,-14,-3
186,193,7,-3
159,162,3,-3
131,133,2,-4
119,114,-5,-3
31,13,-18,-3
0,0,0,-2
0,0,0,-1
0,0,0,-1
0,0,0,-2
0,0,0,-1
0,0,0,-1
0,0,0,0
0,0,0,0
0,0,0,0
0,0,0,0
0,0,0,1
14,12,-2,1
38,46,8,1
87,99,12,1
151,146,-5,1
174,178,4,3
199,195,-4,5
197,202,5,5
259,292,33,5
358,366,8,5
395,394,-1,4
411,410,-1,3
422,418,-4,2
425,421,-4,1
416,409,-7,0
404,398,-6,-1
393,384,-9,-4
355,355,0,-5
325,317,-8,-4
263,252,-11,-4
199,194,-5,-3
150,159,9,-3
134,137,3,-3
115,115,0,-3
29,13,-16,-2
0,0,0,-2
0,0,0,-1
0,0,0,-1
0,0,0,0
0,0,0,-1
0,0,0,-1
0,0,0,0
0,0,0,0
0,0,0,0
0,0,0,0
0,0,0,0
11,10,-1,0
41,46,5,0
94,96,2,0
147,147,0,1
179,178,-1,2
194,197,3,4
196,204,8,4
267,291,24,5
358,369,11,5
397,397,0,4
413,415,2,4
425,422,-3,4
423,422,-1,2
409,407,-2,1
406,402,-4,0
396,386,-10,-2
360,356,-4,-3
328,319,-9,-3
261,256,-5,-3
187,193,6,-3
158,160,2,-4
139,136,-3,-5
124,118,-6,-4
43,17,-26,-4
0,0,0,-4
0,0,0,-3
0,0,0,-3
0,0,0,-3
0,0,0,-3
0,0,0,-2
0,0,0,-1
0,0,0,0
0,0,0,0
0,0,0,0
0,0,0,0
14,13,-1,1
38,46,8,2
94,98,4,2
141,154,13,2
178,179,1,4
197,198,1,5
212,206,-6,6
263,296,33,6
360,369,9,6
395,396,1,4
411,411,0,4
421,418,-3,3
423,423,0,1
415,409,-6,0
408,400,-8,0
392,387,-5,-2
363,354,-9,-3
322,319,-3,-3
254,258,4,-2
196,196,0,-2
154,157,3,-3
134,137,3,-2
121,118,-3,-2
39,20,-19,-2
0,0,0,-1
0,0,0,-1
0,0,0,-2
0,0,0,-1
0,0,0,-1
0,0,0,-1
0,0,0,-1
0,0,0,0
0,0,0,0
0,0,0,0
0,0,0,1
11,11,0,1
40,46,6,1
84,99,15,2
151,150,-1,1
180,180,0,2
198,196,-2,4
209,206,-3,4
265,289,24,5
355,367,12,5
394,395,1,3
414,415,1,3
425,421,-4,3
424,424,0,2
410,409,-1,1
406,403,-3,0
394,388,-6,-1
365,358,-7,-2
326,321,-5,-2
266,262,-4,-1
192,200,8,-1
162,166,4,-2
139,140,1,-2
124,120,-4,-2
37,22,-15,-1
0,0,0,-1
0,0,0,0
0,0,0,-1
0,0,0,-1
0,0,0,-1
0,0,0,-1
0,0,0,0
0,0,0,0
0,0,0,0
0,0,0,0
0,0,0,0
12,12,0,0
42,47,5,1
96,101,5,1
154,153,-1,1
174,180,6,2
192,195,3,4
211,200,-11,4
266,303,37,5
360,371,11,5
395,395,0,4
414,413,-1,4
424,420,-4,3
428,426,-2,2
418,413,-5,0
407,405,-2,0
394,385,-9,-3
361,355,-6,-5
324,317,-7,-5
267,256,-11,-5
201,193,-8,-5
162,162,0,-4
140,138,-2,-4
114,120,6,-3
23,19,-4,-2
0,0,0,-2
0,0,0,-1
0,0,0,0
0,0,0,0
0,0,0,0
0,0,0,0
0,0,0,0
0,0,0,0
0,0,0,0
0,0,0,0
0,0,0,0
13,11,-2,0
43,42,-1,0
97,98,1,1
140,152,12,1
181,180,-1,2
190,195,5,4
210,207,-3,5
262,293,31,5
354,367,13,6
393,394,1,5
409,411,2,5
420,419,-1,4
421,419,-2,3
412,410,-2,2
404,404,0,1
393,390,-3,-1
367,359,-8,-2
327,324,-3,-1
266,259,-7,-1
195,198,3,0
153,164,11,-1
131,138,7,-1
115,119,4,-1
52,26,-26,-1
0,0,0,-1
0,0,0,0
0,0,0,-1
0,0,0,-1
0,0,0,-1
0,0,0,-1
0,0,0,-1
0,0,0,0
0,0,0,0
0,0,0,0
0,0,0,0
11,12,1,1
45,44,-1,1
90,100,10,1
151,156,5,2
174,178,4,3
196,199,3,4
208,210,2,5
279,301,22,5
364,372,8,5
395,396,1,4
412,412,0,4
424,422,-2,3
426,425,-1,2
410,409,-1,0
406,404,-2,0
396,387,-9,-2
363,355,-8,-3
325,319,-6,-3
268,257,-11,-3
190,197,7,-3
156,162,6,-3
135,134,-1,-4
129,118,-11,-4
33,18,-15,-3
0,0,0,-2
0,0,0,-2
0,0,0,-2
0,0,0,-2
0,0,0,-2
0,0,0,-1
0,0,0,0
0,0,0,0
0,0,0,0
0,0,0,0
0,0,0,0
15,12,-3,1
36,46,10,2
88,95,7,3
146,154,8,3
174,177,3,5
186,194,8,6
205,204,-1,7
253,290,37,7
356,366,10,8
399,397,-2,6
412,413,1,5
425,420,-5,4
425,423,-2,3
413,411,-2,1
408,403,-5,0
394,390,-4,-3
368,358,-10,-3
324,320,-4,-3
264,255,-9,-3
193,197,4,-3
161,161,0,-3
134,135,1,-4
120,119,-1,-3
46,25,-21,-3
0,0,0,-3
0,0,0,-2
0,0,0,-2
0,0,0,-2
0,0,0,-1
0,0,0,-1
0,0,0,-1
0,0,0,0
0,0,0,0
0,0,0,0
0,0,0,0
10,12,2,1
37,42,5,1
90,93,3,2
140,151,11,2
179,180,1,4
189,192,3,5
203,201,-2,5
256,283,27,6
354,366,12,6
394,394,0,5
412,413,1,5
422,420,-2,4
421,422,1,3
407,409,2,1
405,400,-5,0
400,393,-7,-2
369,359,-10,-3
330,321,-9,-3
269,265,-4,-3
196,194,-2,-3
161,165,4,-4
137,140,3,-4
124,121,-3,-3
44,29,-15,-3
0,0,0,-2
0,0,0,-1
0,0,0,-1
0,0,0,-1
0,0,0,-1
0,0,0,-1
0,0,0,0
0,0,0,0
0,0,0,0
0,0,0,0
0,0,0,0
12,11,-1,1
39,42,3,1
87,92,5,1
138,147,9,1
178,177,-1,3
183,190,7,4
212,204,-8,5
240,269,29,5
350,364,14,6
399,398,-1,4
412,411,-1,3
424,421,-3,3
428,423,-5,2
415,412,-3,0
406,404,-2,0
394,389,-5,-3
370,358,-12,-4
326,322,-4,-4
266,262,-4,-4
208,198,-10,-3
157,161,4,-4
142,140,-2,-4
114,122,8,-4
67,45,-22,-3
0,0,0,-3
0,0,0,-1
0,0,0,-2
0,0,0,-1
0,0,0,-1
0,0,0,-1
0,0,0,-1
0,0,0,0
0,0,0,0
0,0,0,0
0,0,0,1
8,10,2,2
32,36,4,2
76,91,15,2
140,144,4,3
172,174,2,3
189,190,1,5
205,204,-1,5
233,254,21,5
346,356,10,5
396,396,0,3
411,410,-1,2
422,420,-2,2
425,421,-4,1
415,409,-6,0
404,403,-1,-1
401,393,-8,-3
378,368,-10,-4
335,327,-8,-4
265,269,4,-4
210,203,-7,-3
169,164,-5,-4
139,140,1,-3
116,121,5,-3
73,57,-16,-3
0,0,0,-2
0,0,0,-1
0,0,0,-2
0,0,0,-1
0,0,0,-1
0,0,0,-1
0,0,0,0
0,0,0,0
0,0,0,0
0,0,0,0
0,0,0,0
7,10,3,1
36,34,-2,1
78,86,8,1
135,140,5,1
177,174,-3,2
185,193,8,3
203,201,-2,4
232,245,13,3
342,353,11,4
391,394,3,3
409,406,-3,2
423,419,-4,1
423,419,-4,0
416,410,-6,0
407,402,-5,-1
396,394,-2,-3
380,370,-10,-4
333,330,-3,-4
285,276,-9,-4
212,210,-2,-3
156,166,10,-3
148,138,-10,-3
118,123,5,-3
88,71,-17,-2
0,0,0,-2
0,0,0,-1
0,0,0,-1
0,0,0,-1
0,0,0,-1
0,0,0,-1
0,0,0,0
0,0,0,0
0,0,0,0
0,0,0,0
0,0,0,0
4,6,2,2
28,32,4,3
63,70,7,3
111,133,22,4
168,171,3,4
181,186,5,5
202,196,-6,6
216,221,5,5
322,339,17,5
391,394,3,4
407,405,-2,2
422,419,-3,0
426,420,-6,0
431,417,-14,-1
413,404,-9,-2
395,395,0,-4
380,373,-7,-5
341,333,-8,-6
299,285,-14,-5
209,217,8,-4
174,170,-4,-5
144,145,1,-5
122,122,0,-4
107,82,-25,-4
0,0,0,-4
0,0,0,-2
0,0,0,-2
0,0,0,-2
0,0,0,-2
0,0,0,-2
0,0,0,-1
0,0,0,0
0,0,0,0
0,0,0,0
0,0,0,0
0,5,5,2
25,28,3,2
61,66,5,3
113,130,17,3
168,169,1,4
186,191,5,5
198,198,0,6
207,217,10,6
319,334,15,6
383,392,9,5
403,404,1,4
418,417,-1,2
423,421,-2,1
432,419,-13,0
410,405,-5,-1
403,394,-9,-3
377,375,-2,-4
354,340,-14,-4
298,294,-4,-4
219,224,5,-3
177,177,0,-3
141,148,7,-2
121,125,4,-1
101,89,-12,-1
0,0,0,0
0,0,0,0
0,0,0,0
0,0,0,0
0,0,0,0
0,0,0,0
0,0,0,0
0,0,0,0
0,0,0,0
0,0,0,0
0,0,0,0
0,1,1,1
18,24,6,1
58,61,3,1
117,121,4,1
164,165,1,0
189,187,-2,1
206,200,-6,2
215,212,-3,2
316,333,17,2
384,391,7,1
401,405,4,0
421,417,-4,0
427,423,-4,0
432,423,-9,0
407,403,-4,-1
395,392,-3,-2
384,377,-7,-4
352,342,-10,-4
308,298,-10,-3
222,226,4,-2
170,179,9,-2
136,148,12,-1
133,125,-8,-1
111,104,-7,-1
0,0,0,0
0,0,0,0
0,0,0,0
0,0,0,0
0,0,0,0
0,0,0,0
0,0,0,0
0,0,0,0
0,0,0,0
0,0,0,0
0,0,0,0
0,0,0,1
20,23,3,2
51,58,7,2
105,119,14,3
168,167,-1,3
181,187,6,4
196,198,2,5
206,210,4,5
311,328,17,5
381,388,7,5
401,404,3,3
419,416,-3,2
423,419,-4,1
436,427,-9,0
406,404,-2,0
402,397,-5,-2
384,379,-5,-4
350,345,-5,-5
312,300,-12,-5
236,226,-10,-4
179,178,-1,-3
141,147,6,-2
121,128,7,-2
110,107,-3,-1
0,0,0,-1
0,0,0,0
0,0,0,0
0,0,0,0
0,0,0,0
0,0,0,0
0,0,0,0
0,0,0,0
0,0,0,0
0,0,0,0
0,0,0,0
0,0,0,1
16,19,3,2
51,58,7,2
110,123,13,3
164,165,1,3
186,188,2,4
196,201,5,5
206,211,5,5
314,328,14,5
383,388,5,4
401,403,2,3
420,418,-2,2
425,423,-2,1
435,428,-7,0
408,401,-7,-1
402,396,-6,-3
386,376,-10,-5
355,346,-9,-5
319,304,-15,-4
232,231,-1,-4
176,181,5,-4
137,152,15,-3
133,125,-8,-3
118,109,-9,-2
0,0,0,-1
0,0,0,0
0,0,0,0
0,0,0,0
0,0,0,0
0,0,0,-1
0,0,0,0
0,0,0,0
0,0,0,0
0,0,0,0
0,0,0,1
0,0,0,2
16,25,9,3
46,58,12,4
103,119,16,4
167,166,-1,5
179,189,10,6
196,200,4,7
204,209,5,7
312,326,14,7
380,389,9,6
400,402,2,4
418,417,-1,3
424,421,-3,2
438,431,-7,0
415,407,-8,0
401,400,-1,-2
386,379,-7,-4
350,343,-7,-4
313,307,-6,-4
242,229,-13,-4
175,181,6,-3
155,157,2,-2
127,131,4,-2
113,113,0,-1
0,0,0,0
0,0,0,0
0,0,0,0
0,0,0,0
0,0,0,0
0,0,0,0
0,0,0,0
0,0,0,0
0,0,0,0
0,0,0,0
0,0,0,0
0,0,0,1
14,19,5,1
47,52,5,2
102,113,11,2
165,161,-4,1
183,189,6,2
198,195,-3,2
219,211,-8,2
310,322,12,2
380,387,7,2
401,402,1,1
422,420,-2,0
424,421,-3,0
432,429,-3,-1
416,405,-11,-2
406,398,-8,-2
389,386,-3,-4
359,354,-5,-4
317,311,-6,-4
242,232,-10,-3
177,183,6,-3
150,154,4,-2
128,131,3,-2
120,111,-9,-1
0,3,3,-1
0,0,0,0
0,0,0,0
0,0,0,0
0,0,0,0
0,0,0,0
0,0,0,0
0,0,0,0
0,0,0,0
0,0,0,0
0,0,0,0
0,0,0,0
16,17,1,0
46,50,4,1
107,108,1,1
158,163,5,2
181,184,3,2
192,200,8,3
213,212,-1,3
313,318,5,3
377,385,8,2
402,401,-1,2
422,419,-3,1
431,426,-5,0
433,433,0,0
416,408,-8,-1
407,404,-3,-1
390,384,-6,-2
355,351,-4,-3
308,313,5,-2
249,243,-6,-1
189,189,0,-1
149,159,10,0
132,134,2,0
117,115,-2,0
4,2,-2,0
0,0,0,0
0,0,0,0
0,0,0,0
0,0,0,0
0,0,0,0
0,0,0,0
0,0,0,0
0,0,0,0
0,0,0,0
0,0,0,0
0,0,0,1
14,16,2,2
43,48,5,3
90,106,16,3
146,160,14,4
183,186,3,5
205,198,-7,6
201,211,10,7
291,313,22,7
368,377,9,6
402,400,-2,5
418,417,-1,3
427,423,-4,2
429,428,-1,1
415,409,-6,0
409,404,-5,-1
395,386,-9,-3
357,355,-2,-3
320,318,-2,-4
262,252,-10,-4
191,194,3,-4
161,154,-7,-4
136,135,-1,-4
125,114,-11,-3
10,9,-1,-3
0,0,0,-2
0,0,0,-2
0,0,0,-1
0,0,0,-1
0,0,0,-1
0,0,0,0
0,0,0,0
0,0,0,0
0,0,0,0
0,0,0,0
0,0,0,0
12,13,1,0
48,50,2,0
93,105,12,1
161,155,-6,2
182,181,-1,3
189,198,9,5
201,210,9,5
288,310,22,5
367,377,10,5
402,401,-1,5
418,417,-1,4
427,426,-1,4
428,428,0,3
410,408,-2,1
407,403,-4,0
396,388,-8,-2
365,355,-10,-3
320,322,2,-3
260,255,-5,-4
200,193,-7,-4
166,160,-6,-5
140,139,-1,-5
123,118,-5,-4
26,14,-12,-4
0,0,0,-3
0,0,0,-3
0,0,0,-2
0,0,0,-2
0,0,0,-1
0,0,0,-1
0,0,0,0
0,0,0,0
0,0,0,0
0,0,0,0
0,0,0,0
17,15,-2,1
47,48,1,1
101,104,3,1
145,162,17,2
182,184,2,3
202,200,-2,3
205,211,6,4
301,316,15,4
376,381,5,4
404,403,-1,3
420,420,0,2
427,423,-4,1
434,433,-1,0
422,411,-11,0
409,406,-3,-2
398,392,-6,-4
361,356,-5,-4
324,318,-6,-4
263,250,-13,-3
192,196,4,-3
154,160,6,-2
134,137,3,-1
124,118,-6,-1
2,10,8,0
0,0,0,0
0,0,0,0
0,0,0,1
0,0,0,0
0,0,0,0
0,0,0,0
0,0,0,0
0,0,0,0
0,0,0,0
0,0,0,0
0,0,0,0
13,13,0,1
45,48,3,1
97,103,6,1
146,155,9,1
183,183,0,2
203,197,-6,3
209,205,-4,4
281,307,26,4
361,371,10,4
397,397,0,3
416,415,-1,2
423,421,-2,2
425,425,0,1
414,409,-5,0
405,399,-6,0
392,383,-9,-3
358,352,-6,-4
320,315,-5,-4
256,244,-12,-3
181,185,4,-3
149,155,6,-3
128,129,1,-3
112,113,1,-2
20,6,-14,-1
0,0,0,-1
0,0,0,0
0,0,0,0
0,0,0,-1
0,0,0,-1
0,0,0,-1
0,0,0,0
0,0,0,0
0,0,0,0
0,0,0,0
0,0,0,0
10,10,0,1
37,42,5,2
90,95,5,3
137,150,13,3
172,178,6,5
178,191,13,6
203,197,-6,7
248,277,29,7
347,361,14,8
393,392,-1,6
410,408,-2,5
420,416,-4,4
422,419,-3,2
406,406,0,0
399,394,-5,0
388,381,-7,-3
362,354,-8,-3
326,316,-10,-3
262,256,-6,-3
182,192,10,-3
156,154,-2,-4
133,131,-2,-5
109,109,0,-4
48,18,-30,-4
0,0,0,-4
0,0,0,-2
0,0,0,-3
0,0,0,-3
0,0,0,-2
0,0,0,-2
0,0,0,-1
0,0,0,0
0,0,0,0
0,0,0,0
0,0,0,0
11,10,-1,0
39,46,7,1
94,98,4,1
147,148,1,0
175,178,3,1
198,194,-4,2
212,201,-11,2
250,276,26,3
352,363,11,3
393,392,-1,2
410,410,0,1
419,416,-3,1
419,417,-2,1
417,410,-7,0
399,401,2,0
397,391,-6,-2
365,359,-6,-3
328,320,-8,-2
263,262,-1,-2
194,192,-2,-2
151,158,7,-3
134,132,-2,-3
122,114,-8,-3
51,35,-16,-3
0,0,0,-2
0,0,0,-2
0,0,0,-2
0,0,0,-2
0,0,0,-2
0,0,0,-1
0,0,0,0
0,0,0,0
0,0,0,0
0,0,0,0
0,0,0,0
9,10,1,0
34,38,4,1
92,95,3,1
142,145,3,1
173,177,4,2
198,192,-6,3
196,202,6,4
237,257,20,4
345,354,9,4
393,395,2,3
410,408,-2,3
420,418,-2,2
420,417,-3,1
410,405,-5,0
398,396,-2,0
387,385,-2,-2
369,359,-10,-4
328,322,-6,-4
271,264,-7,-4
206,196,-10,-3
155,161,6,-4
135,135,0,-4
107,112,5,-4
69,46,-23,-3
0,0,0,-3
0,0,0,-2
0,0,0,-2
0,0,0,-1
0,0,0,-1
0,0,0,-1
0,0,0,-1
0,0,0,0
0,0,0,0
0,0,0,0
0,0,0,0
6,10,4,1
33,32,-1,2
71,80,9,2
128,137,9,2
161,171,10,3
193,186,-7,3
201,199,-2,4
225,237,12,4
336,346,10,3
388,391,3,2
407,403,-4,1
419,415,-4,0
420,415,-5,0
412,408,-4,-1
404,395,-9,-2
388,385,-3,-3
370,361,-9,-5
327,323,-4,-5
276,269,-7,-5
205,197,-8,-5
155,159,4,-5
132,128,-4,-5
119,116,-3,-5
80,58,-22,-4
0,0,0,-4
0,0,0,-3
0,0,0,-3
0,0,0,-2
0,0,0,-2
0,0,0,-1
0,0,0,-1
0,0,0,0
0,0,0,0
0,0,0,0
0,0,0,1
0,4,4,1
26,29,3,2
62,71,9,2
126,127,1,2
155,165,10,3
189,185,-4,4
193,199,6,4
217,224,7,4
329,339,10,4
389,393,4,3
405,403,-2,1
418,415,-3,1
422,418,-4,0
424,411,-13,-1
401,400,-1,-2
398,392,-6,-4
377,371,-6,-6
340,333,-7,-6
299,279,-20,-6
220,213,-7,-5
162,169,7,-4
141,141,0,-4
115,120,5,-4
97,86,-11,-3
0,0,0,-2
0,0,0,-1
0,0,0,0
0,0,0,0
0,0,0,0
0,0,0,0
0,0,0,0
0,0,0,0
0,0,0,0
0,0,0,0
0,0,0,0
0,0,0,1
21,24,3,2
49,62,13,2
108,119,11,3
162,164,2,3
191,188,-3,4
193,197,4,5
207,214,7,5
315,327,12,5
383,391,8,4
401,402,1,3
418,416,-2,2
422,420,-2,1
424,417,-7,0
403,401,-2,-1
399,393,-6,-2
380,372,-8,-4
351,340,-11,-4
301,297,-4,-4
229,221,-8,-4
170,176,6,-4
143,143,0,-3
130,125,-5,-3
98,99,1,-2
0,0,0,-1
0,0,0,0
0,0,0,0
0,0,0,0
0,0,0,0
0,0,0,0
0,0,0,0
0,0,0,0
0,0,0,0
0,0,0,0
0,0,0,0
0,0,0,1
12,15,3,1
37,47,10,1
105,104,-1,2
160,161,1,2
175,183,8,2
195,197,2,3
207,204,-3,3
305,315,10,3
368,379,11,3
396,395,-1,2
413,410,-3,1
422,419,-3,0
426,426,0,0
409,401,-8,-1
402,396,-6,-2
383,376,-7,-3
350,345,-5,-3
309,307,-2,-3
240,237,-3,-2
177,184,7,-2
149,148,-1,-2
124,127,3,-1
111,105,-6,0
0,0,0,0
0,0,0,0
0,0,0,0
0,0,0,0
0,0,0,0
0,0,0,0
0,0,0,0
0,0,0,0
0,0,0,0
0,0,0,0
0,0,0,0
0,0,0,0
13,14,1,0
46,49,3,0
95,98,3,0
144,147,3,0
180,178,-2,1
189,189,0,3
210,204,-6,3
269,297,28,4
356,370,14,4
395,394,-1,3
409,409,0,3
421,416,-5,2
422,421,-1,0
408,404,-4,0
408,396,-12,-2
388,379,-9,-4
356,344,-12,-5
317,309,-8,-4
244,244,0,-4
185,186,1,-2
142,150,8,-2
124,130,6,-2
103,109,6,-1
20,8,-12,0
0,0,0,0
0,0,0,1
0,0,0,0
0,0,0,0
0,0,0,0
0,0,0,0
0,0,0,0
0,0,0,0
0,0,0,0
0,0,0,0
0,0,0,1
8,10,2,1
35,42,7,2
89,95,6,2
135,147,12,2
180,172,-8,3
192,191,-1,4
199,198,-1,5
241,270,29,5
350,359,9,5
395,395,0,3
409,408,-1,3
417,415,-2,2
417,415,-2,1
407,404,-3,0
406,397,-9,0
389,384,-5,-2
364,354,-10,-3
319,319,0,-3
258,257,-1,-2
193,189,-4,-2
152,156,4,-3
125,129,4,-2
112,109,-3,-2
45,30,-15,-2
0,0,0,-1
0,0,0,-1
0,0,0,-1
0,0,0,-1
0,0,0,-1
0,0,0,-1
0,0,0,0
0,0,0,0
0,0,0,0
0,0,0,0
0,0,0,1
9,10,1,2
28,36,8,3
73,89,16,4
134,145,11,3
174,174,0,4
185,189,4,6
205,198,-7,6
231,255,24,6
340,350,10,6
393,395,2,4
408,407,-1,3
419,416,-3,2
422,419,-3,1
409,404,-5,0
401,394,-7,-1
389,386,-3,-3
371,358,-13,-3
324,321,-3,-3
268,265,-3,-2
192,199,7,-2
143,158,15,-1
139,130,-9,-1
111,113,2,-1
52,41,-11,0
0,0,0,0
0,0,0,0
0,0,0,0
0,0,0,0
0,0,0,-1
0,0,0,0
0,0,0,0
0,0,0,0
0,0,0,0
0,0,0,0
0,0,0,0
8,8,0,1
26,33,7,2
66,74,8,3
130,137,7,4
155,171,16,5
182,188,6,6
202,201,-1,7
219,234,15,7
333,346,13,7
388,391,3,5
404,403,-1,4
416,412,-4,2
421,414,-7,0
412,404,-8,0
401,396,-5,-1
394,387,-7,-4
365,362,-3,-5
327,321,-6,-5
284,268,-16,-5
202,199,-3,-5
155,160,5,-4
133,135,2,-4
122,117,-5,-4
78,65,-13,-3
0,0,0,-3
0,0,0,-2
0,0,0,-1
0,0,0,-1
0,0,0,-1
0,0,0,-1
0,0,0,0
0,0,0,0
0,0,0,0
0,0,0,0
0,0,0,1
0,4,4,3
24,29,5,4
52,66,14,4
104,127,23,5
165,165,0,5
180,181,1,6
193,195,2,7
206,217,11,7
318,335,17,7
387,391,4,6
403,404,1,3
418,416,-2,2
421,416,-5,0
425,414,-11,0
405,398,-7,-1
394,389,-5,-3
375,371,-4,-4
340,331,-9,-4
290,289,-1,-4
218,212,-6,-4
164,171,7,-5
148,142,-6,-4
124,118,-6,-4
104,84,-20,-4
0,0,0,-4
0,0,0,-3
0,0,0,-3
0,0,0,-2
0,0,0,-2
0,0,0,-1
0,0,0,-1
0,0,0,0
0,0,0,0
0,0,0,0
0,0,0,0
0,2,2,1
21,25,4,2
56,61,5,2
108,125,17,2
165,167,2,3
185,185,0,3
205,197,-8,5
202,211,9,5
311,328,17,4
380,387,7,3
403,402,-1,2
418,415,-3,1
423,419,-4,0
429,416,-13,-1
400,397,-3,-2
397,387,-10,-4
378,369,-9,-6
345,336,-9,-6
297,288,-9,-5
221,218,-3,-4
165,173,8,-3
133,143,10,-2
125,117,-8,-2
99,99,0,-1
0,0,0,0
0,0,0,0
0,0,0,0
0,0,0,0
0,0,0,0
0,0,0,0
0,0,0,0
0,0,0,0
0,0,0,0
0,0,0,0
0,0,0,0
0,0,0,2
15,19,4,2
39,51,12,4
96,110,14,5
153,159,6,5
166,180,14,6
190,195,5,7
207,204,-3,6
305,313,8,6
365,375,10,5
395,395,0,4
413,411,-2,2
422,418,-4,0
427,425,-2,0
408,401,-7,-1
406,396,-10,-2
377,375,-2,-3
353,346,-7,-3
312,306,-6,-3
239,240,1,-2
177,180,3,-1
145,149,4,0
120,126,6,0
102,108,6,0
0,0,0,1
0,0,0,1
0,0,0,2
0,0,0,1
0,0,0,1
0,0,0,0
0,0,0,0
0,0,0,0
0,0,0,0
0,0,0,0
0,0,0,0
0,0,0,0
13,11,-2,0
41,44,3,1
85,96,11,1
151,150,-1,1
176,178,2,3
192,194,2,5
195,202,7,6
259,294,35,7
357,367,10,7
392,393,1,5
409,409,0,5
419,415,-4,4
419,418,-1,3
410,404,-6,1
401,398,-3,0
393,383,-10,-3
353,350,-3,-4
319,310,-9,-4
260,249,-11,-4
189,190,1,-4
147,151,4,-4
134,129,-5,-4
116,112,-4,-4
29,17,-12,-3
0,0,0,-3
0,0,0,-2
0,0,0,-1
0,0,0,-1
0,0,0,-1
0,0,0,-1
0,0,0,0
0,0,0,0
0,0,0,0
0,0,0,0
0,0,0,0
11,9,-2,1
35,38,3,1
83,97,14,2
144,147,3,2
173,179,6,3
194,192,-2,4
198,199,1,5
251,271,20,5
351,361,10,5
394,394,0,4
410,410,0,3
417,416,-1,2
419,417,-2,1
409,405,-4,0
403,397,-6,-1
393,384,-9,-3
363,354,-9,-4
322,317,-5,-4
260,260,0,-4
200,190,-10,-4
152,155,3,-5
136,129,-7,-5
112,113,1,-5
50,30,-20,-4
0,0,0,-4
0,0,0,-3
0,0,0,-3
0,0,0,-2
0,0,0,-2
0,0,0,-1
0,0,0,-1
0,0,0,0
0,0,0,0
0,0,0,0
0,0,0,0
10,12,2,1
35,41,6,1
91,94,3,2
142,150,8,1
171,173,2,2
193,195,2,3
207,198,-9,3
245,264,19,3
347,355,8,3
393,394,1,2
408,406,-2,2
419,416,-3,1
422,419,-3,0
408,405,-3,0
404,401,-3,-1
388,384,-4,-3
367,356,-11,-3
327,319,-8,-3
262,256,-6,-2
186,193,7,-1
151,161,10,-2
128,134,6,-3
118,114,-4,-3
63,35,-28,-2
0,0,0,-2
0,0,0,-1
0,0,0,-2
0,0,0,-2
0,0,0,-2
0,0,0,-2
0,0,0,-1
0,0,0,0
0,0,0,0
0,0,0,0
0,0,0,0
9,10,1,1
38,38,0,2
80,91,11,2
133,144,11,3
166,173,7,4
194,189,-5,5
198,202,4,6
222,245,23,6
339,348,9,6
390,392,2,5
405,403,-2,3
415,413,-2,2
417,414,-3,0
415,406,-9,0
402,395,-7,-2
395,388,-7,-4
371,361,-10,-5
326,321,-5,-5
270,259,-11,-5
199,198,-1,-6
159,159,0,-6
135,131,-4,-6
120,113,-7,-5
75,56,-19,-5
0,0,0,-4
0,0,0,-3
0,0,0,-3
0,0,0,-3
0,0,0,-2
0,0,0,-1
0,0,0,-1
0,0,0,0
0,0,0,0
0,0,0,0
0,0,0,1
3,8,5,2
27,27,0,3
62,76,14,4
120,133,13,4
168,173,5,5
178,186,8,7
197,198,1,8
207,228,21,8
329,344,15,8
386,391,5,7
403,404,1,5
418,416,-2,3
421,417,-4,2
422,409,-13,0
401,398,-3,-1
393,388,-5,-3
375,368,-7,-5
340,327,-13,-5
288,278,-10,-5
207,207,0,-4
158,162,4,-4
133,137,4,-4
117,121,4,-3
93,74,-19,-3
0,0,0,-2
0,0,0,-1
0,0,0,-1
0,0,0,-1
0,0,0,-1
0,0,0,-1
0,0,0,-1
0,0,0,0
0,0,0,0
0,0,0,0
0,0,0,1
0,4,4,2
22,26,4,3
48,62,14,4
112,127,15,4
168,171,3,4
178,184,6,4
200,195,-5,5
215,212,-3,5
316,329,13,4
385,390,5,3
402,402,0,1
421,417,-4,0
424,421,-3,0
429,420,-9,-1
401,398,-3,-2
398,391,-7,-3
375,372,-3,-5
346,334,-12,-6
309,294,-15,-6
230,218,-12,-6
163,173,10,-6
149,144,-5,-5
128,120,-8,-5
98,96,-2,-4
0,0,0,-3
0,0,0,-2
0,0,0,-1
0,0,0,0
0,0,0,-1
0,0,0,0
0,0,0,0
0,0,0,0
0,0,0,0
0,0,0,0
0,0,0,1
0,0,0,1
16,21,5,2
41,53,12,2
109,114,5,2
164,166,2,2
176,182,6,3
200,195,-5,3
210,210,0,3
311,319,8,3
378,387,9,2
401,402,1,1
417,414,-3,1
423,419,-4,0
430,429,-1,0
409,404,-5,-1
404,396,-8,-2
378,374,-4,-3
352,345,-7,-3
311,306,-5,-3
233,228,-5,-3
173,177,4,-4
145,149,4,-4
130,124,-6,-3
115,100,-15,-3
2,0,-2,-2
0,0,0,-2
0,0,0,-2
0,0,0,-1
0,0,0,-1
0,0,0,-1
0,0,0,0
0,0,0,0
0,0,0,0
0,0,0,0
0,0,0,0
0,0,0,1
11,17,6,1
44,49,5,1
104,111,7,1
164,160,-4,0
179,182,3,0
204,196,-8,1
213,206,-7,1
310,318,8,1
375,385,10,1
397,400,3,0
415,415,0,0
422,420,-2,0
427,425,-2,-1
411,403,-8,-1
402,393,-9,-1
383,377,-6,-2
346,347,1,-3
312,308,-4,-3
243,232,-11,-3
171,179,8,-2
143,144,1,-1
122,125,3,-1
109,108,-1,0
0,0,0,0
0,0,0,0
0,0,0,0
0,0,0,0
0,0,0,0
0,0,0,0
0,0,0,0
0,0,0,0
0,0,0,0
0,0,0,0
0,0,0,1
0,0,0,2
14,19,5,3
34,51,17,4
104,113,9,4
161,165,4,4
178,186,8,4
192,196,4,5
213,207,-6,5
313,319,6,4
377,383,6,3
399,400,1,1
418,415,-3,0
426,420,-6,0
432,430,-2,-1
409,404,-5,-2
403,397,-6,-2
380,375,-5,-3
351,345,-6,-4
309,304,-5,-4
241,232,-9,-3
179,177,-2,-2
146,150,4,-2
110,124,14,-1
107,104,-3,0
1,1,0,0
0,0,0,0
0,0,0,0
0,0,0,1
0,0,0,1
0,0,0,0
0,0,0,0
0,0,0,0
0,0,0,0
0,0,0,0
0,0,0,0
0,0,0,0
16,17,1,1
47,51,4,2
104,107,3,2
158,164,6,3
170,183,13,4
192,197,5,5
206,209,3,5
303,315,12,5
375,384,9,5
399,399,0,4
414,415,1,3
422,417,-5,2
428,426,-2,0
410,405,-5,0
405,398,-7,-1
387,381,-6,-2
353,352,-1,-3
315,310,-5,-3
241,235,-6,-3
175,181,6,-3
147,149,2,-2
132,126,-6,-2
112,105,-7,-2
0,0,0,-1
0,0,0,-1
0,0,0,-1
0,0,0,0
0,0,0,-1
0,0,0,0
0,0,0,0
0,0,0,0
0,0,0,0
0,0,0,0
0,0,0,0
0,0,0,1
14,17,3,2
45,47,2,2
91,107,16,2
147,157,10,2
189,179,-10,2
199,200,1,3
213,205,-8,4
294,313,19,3
369,379,10,3
398,397,-1,2
414,414,0,1
424,421,-3,0
426,425,-1,0
411,405,-6,0
407,399,-8,-1
385,377,-8,-4
357,352,-5,-5
319,315,-4,-5
259,243,-16,-5
187,187,0,-5
157,156,-1,-4
137,128,-9,-4
105,109,4,-3
4,8,4,-2
0,0,0,-1
0,0,0,-1
0,0,0,0
0,0,0,0
0,0,0,0
0,0,0,0
0,0,0,0
0,0,0,0
0,0,0,0
0,0,0,0
0,0,0,0
11,12,1,1
44,43,-1,2
82,96,14,2
142,152,10,2
174,178,4,3
196,189,-7,5
202,202,0,5
253,282,29,6
353,365,12,6
398,398,0,4
413,412,-1,3
424,420,-4,2
425,422,-3,1
414,410,-4,1
404,401,-3,0
394,387,-7,-3
361,356,-5,-4
324,317,-7,-3
268,258,-10,-4
192,197,5,-3
160,161,1,-3
142,134,-8,-3
113,118,5,-3
44,32,-12,-2
0,0,0,-2
0,0,0,-1
0,0,0,-1
0,0,0,-1
0,0,0,-1
0,0,0,0
0,0,0,0
0,0,0,0
0,0,0,0
0,0,0,0
0,0,0,0
11,11,0,1
36,44,8,1
94,92,-2,1
142,151,9,1
180,179,-1,3
196,194,-2,3
203,203,0,4
240,269,29,5
349,359,10,5
395,395,0,3
410,410,0,4
421,418,-3,3
420,419,-1,2
410,407,-3,1
404,403,-1,0
394,391,-3,-2
373,362,-11,-3
329,323,-6,-3
264,263,-1,-3
203,194,-9,-3
158,159,1,-4
139,133,-6,-4
110,117,7,-4
53,37,-16,-3
0,0,0,-3
0,0,0,-1
0,0,0,-2
0,0,0,-1
0,0,0,-1
0,0,0,0
0,0,0,0
0,0,0,0
0,0,0,0
0,0,0,0
0,0,0,1
10,12,2,3
28,42,14,4
84,96,12,4
136,149,13,4
172,178,6,5
199,193,-6,6
205,204,-1,6
246,265,19,6
346,360,14,6
398,398,0,4
412,410,-2,3
426,423,-3,1
427,424,-3,0
414,411,-3,0
411,400,-11,-1
389,388,-1,-3
371,360,-11,-4
332,325,-7,-4
264,262,-2,-3
194,195,1,-3
157,162,5,-3
136,135,-1,-3
115,117,2,-2
59,45,-14,-1
0,0,0,-1
0,0,0,0
0,0,0,-1
0,0,0,-1
0,0,0,-1
0,0,0,-1
0,0,0,0
0,0,0,0
0,0,0,0
0,0,0,0
0,0,0,1
12,11,-1,2
32,41,9,3
73,91,18,4
134,145,11,5
174,180,6,6
194,193,-1,7
192,203,11,7
242,255,13,8
342,355,13,7
394,396,2,6
409,408,-1,4
420,417,-3,2
422,419,-3,1
418,410,-8,0
411,403,-8,-1
389,388,-1,-2
370,363,-7,-3
332,326,-6,-3
261,265,4,-3
201,202,1,-3
168,162,-6,-3
142,136,-6,-3
110,115,5,-2
64,52,-12,-2
0,0,0,-2
0,0,0,-1
0,0,0,-1
0,0,0,-1
0,0,0,-1
0,0,0,0
0,0,0,0
0,0,0,0
0,0,0,0
0,0,0,0
0,0,0,1
4,10,6,2
31,33,2,2
73,90,17,2
138,140,2,2
172,175,3,3
200,192,-8,4
198,199,1,4
221,240,19,5
339,347,8,4
390,394,4,3
408,408,0,1
422,418,-4,1
423,419,-4,0
420,410,-10,0
409,403,-6,-1
395,394,-1,-3
377,369,-8,-4
335,329,-6,-4
286,275,-11,-4
202,205,3,-4
163,168,5,-4
133,135,2,-4
125,116,-9,-3
77,62,-15,-3
0,0,0,-2
0,0,0,-2
0,0,0,-2
0,0,0,-2
0,0,0,-2
0,0,0,-1
0,0,0,0
0,0,0,0
0,0,0,0
0,0,0,0
0,0,0,0
4,8,4,1
26,27,1,1
69,74,5,2
124,130,6,2
166,170,4,2
188,190,2,3
197,198,1,4
211,215,4,5
315,338,23,4
389,392,3,4
404,404,0,2
421,419,-2,2
427,422,-5,1
431,420,-11,0
409,404,-5,-1
399,396,-3,-3
379,371,-8,-5
343,337,-6,-5
309,292,-17,-5
213,215,2,-5
165,170,5,-5
148,147,-1,-5
126,123,-3,-4
106,85,-21,-4
0,0,0,-3
0,0,0,-2
0,0,0,-2
0,0,0,-2
0,0,0,-2
0,0,0,-1
0,0,0,-1
0,0,0,0
0,0,0,0
0,0,0,0
0,0,0,1
0,3,3,3
22,27,5,3
50,65,15,4
108,127,19,4
167,169,2,5
193,189,-4,6
193,200,7,7
211,215,4,7
318,337,19,6
384,391,7,5
404,404,0,3
416,415,-1,2
423,418,-5,1
430,420,-10,0
407,404,-3,-1
398,394,-4,-2
380,371,-9,-4
345,335,-10,-4
297,295,-2,-4
218,216,-2,-3
166,170,4,-4
138,142,4,-3
129,122,-7,-3
107,94,-13,-3
0,0,0,-2
0,0,0,-1
0,0,0,-1
0,0,0,-1
0,0,0,-1
0,0,0,-1
0,0,0,0
0,0,0,0
0,0,0,0
0,0,0,0
0,0,0,1
0,1,1,1
19,24,5,2
50,63,13,2
117,121,4,3
158,166,8,3
190,188,-2,4
196,198,2,4
208,209,1,5
312,327,15,4
383,389,6,4
403,404,1,2
422,420,-2,1
426,422,-4,0
435,423,-12,0
407,403,-4,-2
400,395,-5,-3
386,375,-11,-5
346,338,-8,-6
308,299,-9,-6
230,222,-8,-5
179,174,-5,-5
139,146,7,-4
124,127,3,-4
112,99,-13,-3
0,0,0,-2
0,0,0,-1
0,0,0,-1
0,0,0,0
0,0,0,0
0,0,0,0
0,0,0,0
0,0,0,0
0,0,0,0
0,0,0,0
0,0,0,1
0,0,0,2
18,24,6,2
42,52,10,2
101,116,15,3
170,168,-2,3
190,188,-2,3
199,201,2,4
211,210,-1,4
311,322,11,4
380,387,7,3
398,400,2,1
418,417,-1,0
424,420,-4,0
435,427,-8,0
408,405,-3,-1
402,395,-7,-2
387,377,-10,-4
349,342,-7,-3
305,299,-6,-3
229,231,2,-2
167,178,11,-2
138,146,8,-1
129,124,-5,-1
110,106,-4,0
0,0,0,0
0,0,0,0
0,0,0,0
0,0,0,0
0,0,0,0
0,0,0,0
0,0,0,0
0,0,0,0
0,0,0,0
0,0,0,0
0,0,0,0
0,0,0,1
16,23,7,2
49,57,8,2
114,117,3,2
158,164,6,1
184,186,2,1
208,198,-10,2
214,208,-6,2
314,322,8,2
381,389,8,1
401,403,2,0
421,418,-3,0
426,423,-3,-1
432,425,-7,-2
410,403,-7,-2
406,397,-9,-3
383,375,-8,-5
349,343,-6,-5
310,305,-5,-5
239,226,-13,-5
172,177,5,-5
153,152,-1,-4
125,127,2,-3
113,105,-8,-2
0,0,0,-2
0,0,0,-1
0,0,0,-1
0,0,0,0
0,0,0,0
0,0,0,0
0,0,0,0
0,0,0,0
0,0,0,0
0,0,0,0
0,0,0,1
0,0,0,2
15,23,8,2
48,55,7,3
105,118,13,3
167,168,1,3
183,183,0,4
194,199,5,5
214,213,-1,5
308,324,16,5
382,389,7,4
403,405,2,2
421,418,-3,1
429,423,-6,0
437,427,-10,0
409,406,-3,-2
401,397,-4,-3
381,373,-8,-4
356,344,-12,-4
306,298,-8,-4
226,228,2,-3
168,176,8,-2
140,145,5,-1
128,129,1,-1
105,104,-1,0
0,0,0,0
0,0,0,1
0,0,0,1
0,0,0,0
0,0,0,0
0,0,0,0
0,0,0,0
0,0,0,0
0,0,0,0
0,0,0,0
0,0,0,0
0,0,0,1
19,26,7,2
50,58,8,2
114,118,4,2
160,167,7,3
187,184,-3,5
192,199,7,5
198,210,12,6
311,328,17,6
385,389,4,5
403,405,2,4
417,416,-1,3
423,420,-3,1
434,425,-9,0
412,404,-8,-1
400,394,-6,-3
384,375,-9,-5
352,340,-12,-5
305,298,-7,-5
223,225,2,-4
180,175,-5,-4
143,145,2,-4
118,126,8,-3
114,100,-14,-2
0,0,0,-2
0,0,0,0
0,0,0,0
0,0,0,0
0,0,0,0
0,0,0,0
0,0,0,0
0,0,0,0
0,0,0,0
0,0,0,0
0,0,0,0
0,1,1,1
16,23,7,2
55,59,4,2
111,122,11,2
156,167,11,2
190,183,-7,3
202,199,-3,4
211,212,1,4
310,327,17,4
379,389,10,3
401,401,0,2
418,417,-1,1
422,419,-3,0
433,424,-9,0
406,403,-3,-1
404,394,-10,-2
383,374,-9,-4
348,338,-10,-5
304,300,-4,-5
227,222,-5,-5
171,175,4,-4
144,142,-2,-3
122,120,-2,-3
107,105,-2,-2
0,0,0,-1
0,0,0,0
0,0,0,0
0,0,0,0
0,0,0,0
0,0,0,0
0,0,0,0
0,0,0,0
0,0,0,0
0,0,0,0
0,0,0,1
0,0,0,2
20,26,6,3
48,59,11,3
110,123,13,4
158,166,8,3
191,187,-4,4
196,202,6,4
218,211,-7,5
310,324,14,4
383,388,5,4
401,402,1,1
418,417,-1,0
422,420,-2,0
432,421,-11,0
405,404,-1,-1
398,396,-2,-1
380,374,-6,-3
346,343,-3,-3
306,301,-5,-3
237,223,-14,-3
170,179,9,-3
149,150,1,-2
127,127,0,-3
110,97,-13,-2
0,0,0,-2
0,0,0,-1
0,0,0,-1
0,0,0,0
0,0,0,-1
0,0,0,-1
0,0,0,0
0,0,0,0
0,0,0,0
0,0,0,0
0,0,0,0
0,0,0,1
13,18,5,2
50,49,-1,2
99,116,17,2
156,165,9,2
186,184,-2,2
207,199,-8,3
202,204,2,3
306,315,9,3
372,382,10,3
399,399,0,2
418,417,-1,0
425,422,-3,0
429,428,-1,0
413,405,-8,0
405,397,-8,-1
384,379,-5,-2
347,348,1,-1
308,310,2,0
240,236,-4,0
167,184,17,1
144,153,9,2
129,131,2,2
100,107,7,3
1,1,0,3
0,0,0,3
0,0,0,3
0,0,0,2
0,0,0,1
0,0,0,0
0,0,0,0
0,0,0,0
0,0,0,0
0,0,0,0
0,0,0,0
0,0,0,0
13,15,2,1
46,48,2,1
99,107,8,1
150,161,11,1
186,182,-4,2
199,198,-1,2
213,204,-9,3
289,308,19,3
368,376,8,3
398,398,0,2
416,415,-1,1
427,423,-4,0
426,426,0,0
416,409,-7,0
407,402,-5,-1
387,380,-7,-3
355,350,-5,-4
318,311,-7,-4
255,246,-9,-3
193,191,-2,-2
146,155,9,-3
123,133,10,-2
119,114,-5,-2
19,6,-13,-1
0,0,0,-1
0,0,0,0
0,0,0,0
0,0,0,0
0,0,0,-1
0,0,0,-1
0,0,0,0
0,0,0,0
0,0,0,0
0,0,0,0
0,0,0,0
15,13,-2,0
45,43,-2,0
94,98,4,1
142,152,10,1
172,177,5,2
189,193,4,3
212,200,-12,4
268,294,26,4
359,368,9,4
396,396,0,3
414,413,-1,3
423,421,-2,2
425,423,-2,0
412,408,-4,0
408,401,-7,-1
387,382,-5,-4
362,352,-10,-5
324,312,-12,-6
265,249,-16,-6
192,193,1,-6
160,155,-5,-6
138,132,-6,-6
111,115,4,-5
27,15,-12,-4
0,0,0,-4
0,0,0,-2
0,0,0,-1
0,0,0,-1
0,0,0,-1
0,0,0,0
0,0,0,0
0,0,0,0
0,0,0,0
0,0,0,0
0,0,0,1
8,9,1,2
32,40,8,2
75,86,11,3
142,147,5,2
174,175,1,3
187,193,6,4
211,205,-6,4
246,257,11,4
347,356,9,4
395,394,-1,2
407,408,1,2
420,419,-1,1
420,419,-1,0
409,407,-2,0
404,403,-1,0
399,392,-7,-2
370,361,-9,-3
330,325,-5,-3
265,261,-4,-3
205,198,-7,-2
159,162,3,-3
138,139,1,-2
105,118,13,-2
62,46,-16,-1
0,0,0,-1
0,0,0,0
0,0,0,0
0,0,0,0
0,0,0,0
0,0,0,0
0,0,0,0
0,0,0,0
0,0,0,0
0,0,0,0
0,0,0,1
5,12,7,2
30,33,3,3
73,85,12,3
133,143,10,3
173,177,4,4
190,190,0,5
201,198,-3,6
222,247,25,6
341,349,8,5
393,396,3,4
411,409,-2,3
424,419,-5,2
424,421,-3,0
416,409,-7,0
406,402,-4,-2
400,391,-9,-4
375,364,-11,-5
334,330,-4,-5
287,272,-15,-5
203,206,3,-5
160,164,4,-5
140,133,-7,-5
118,120,2,-5
82,60,-22,-4
0,0,0,-4
0,0,0,-2
0,0,0,-2
0,0,0,-2
0,0,0,-2
0,0,0,-1
0,0,0,-1
0,0,0,0
0,0,0,0
0,0,0,0
0,0,0,0
4,7,3,1
30,33,3,2
66,74,8,2
129,136,7,2
166,172,6,3
194,192,-2,4
199,196,-3,4
213,230,17,5
332,343,11,4
390,395,5,3
409,407,-2,2
421,416,-5,1
425,419,-6,0
426,415,-11,0
400,401,1,-1
393,392,-1,-3
377,372,-5,-5
341,328,-13,-5
289,276,-13,-4
215,209,-6,-4
159,168,9,-4
135,139,4,-4
122,120,-2,-5
104,77,-27,-4
0,0,0,-4
0,0,0,-2
0,0,0,-2
0,0,0,-2
0,0,0,-2
0,0,0,-2
0,0,0,-1
0,0,0,0
0,0,0,0
0,0,0,0
0,0,0,1
0,5,5,2
25,28,3,3
60,71,11,4
118,133,15,5
165,174,9,6
175,187,12,8
193,200,7,9
212,220,8,9
318,337,19,8
388,392,4,7
407,407,0,5
420,419,-1,4
425,422,-3,2
428,418,-10,0
404,401,-3,-1
403,392,-11,-3
377,373,-4,-5
347,336,-11,-5
295,285,-10,-5
219,216,-3,-4
170,173,3,-4
139,142,3,-3
120,124,4,-3
97,86,-11,-2
0,0,0,-1
0,0,0,0
0,0,0,0
0,0,0,0
0,0,0,0
0,0,0,0
0,0,0,0
0,0,0,0
0,0,0,0
0,0,0,0
0,0,0,0
0,0,0,1
16,21,5,1
51,55,4,1
112,120,8,1
163,164,1,1
190,184,-6,2
196,200,4,3
207,209,2,3
313,326,13,3
381,389,8,3
403,404,1,1
420,418,-2,0
428,424,-4,0
436,426,-10,0
410,403,-7,-1
398,394,-4,-3
380,373,-7,-4
350,343,-7,-5
308,301,-7,-5
233,224,-9,-4
173,173,0,-4
143,145,2,-3
117,123,6,-2
105,101,-4,-2
0,0,0,-1
0,0,0,0
0,0,0,0
0,0,0,0
0,0,0,0
0,0,0,0
0,0,0,0
0,0,0,0
0,0,0,0
0,0,0,0
0,0,0,0
0,0,0,1
19,23,4,2
47,53,6,2
110,116,6,2
154,165,11,2
188,186,-2,3
205,196,-9,3
204,210,6,4
308,321,13,4
377,385,8,3
398,401,3,2
414,414,0,1
421,418,-3,0
435,427,-8,0
409,403,-6,-1
404,394,-10,-2
379,376,-3,-4
349,342,-7,-4
310,299,-11,-5
227,224,-3,-5
173,177,4,-5
150,145,-5,-4
131,121,-10,-4
106,103,-3,-3
0,0,0,-3
0,0,0,-2
0,0,0,-1
0,0,0,-1
0,0,0,-1
0,0,0,0
0,0,0,0
0,0,0,0
0,0,0,0
0,0,0,0
0,0,0,0
0,0,0,1
16,20,4,2
49,59,10,3
113,117,4,4
154,167,13,4
178,186,8,5
195,198,3,6
209,211,2,6
307,322,15,6
376,385,9,6
397,401,4,4
418,417,-1,3
422,420,-2,1
431,424,-7,0
409,401,-8,0
403,397,-6,-2
380,375,-5,-4
351,344,-7,-4
309,301,-8,-4
233,225,-8,-4
171,178,7,-4
142,145,3,-3
125,127,2,-2
112,102,-10,-2
0,0,0,-1
0,0,0,0
0,0,0,0
0,0,0,0
0,0,0,0
0,0,0,0
0,0,0,0
0,0,0,0
0,0,0,0
0,0,0,0
0,0,0,1
0,0,0,2
14,23,9,3
48,59,11,4
108,119,11,4
160,167,7,4
180,186,6,4
196,194,-2,5
214,210,-4,5
310,321,11,5
381,389,8,4
400,401,1,2
419,416,-3,0
425,422,-3,0
433,426,-7,-1
409,400,-9,-2
404,397,-7,-3
383,377,-6,-4
348,343,-5,-5
311,303,-8,-5
237,229,-8,-4
176,179,3,-4
138,144,6,-3
127,120,-7,-2
103,104,1,-2
0,0,0,-1
0,0,0,0
0,0,0,0
0,0,0,0
0,0,0,0
0,0,0,0
0,0,0,0
0,0,0,0
0,0,0,0
0,0,0,0
0,0,0,0
0,0,0,1
15,21,6,2
46,54,8,2
104,116,12,3
164,163,-1,3
181,187,6,3
200,199,-1,4
214,210,-4,4
307,323,16,4
383,389,6,4
401,403,2,2
417,417,0,1
424,423,-1,1
434,426,-8,0
405,402,-3,-1
400,394,-6,-1
385,377,-8,-3
353,346,-7,-3
307,302,-5,-3
224,226,2,-3
176,178,2,-3
140,144,4,-3
128,119,-9,-2
104,100,-4,-2
0,0,0,-1
0,0,0,0
0,0,0,0
0,0,0,0
0,0,0,0
0,0,0,0
0,0,0,0
0,0,0,0
0,0,0,0
0,0,0,0
0,0,0,0
0,0,0,1
15,22,7,2
50,52,2,2
103,117,14,2
163,162,-1,2
178,184,6,2
204,198,-6,3
214,206,-8,2
308,321,13,2
378,385,7,2
399,400,1,1
416,413,-3,0
422,420,-2,0
433,427,-6,-1
407,402,-5,-1
399,393,-6,-2
379,376,-3,-4
351,342,-9,-4
316,303,-13,-3
230,231,1,-3
175,179,4,-2
139,149,10,-2
126,121,-5,-1
106,103,-3,-1
0,0,0,0
0,0,0,0
0,0,0,0
0,0,0,0
0,0,0,0
0,0,0,0
0,0,0,0
0,0,0,0
0,0,0,0
0,0,0,0
0,0,0,0
0,0,0,2
12,19,7,3
46,50,4,4
95,117,22,4
145,161,16,5
185,181,-4,5
196,196,0,5
210,207,-3,6
302,315,13,5
371,380,9,5
396,398,2,3
414,414,0,1
419,416,-3,0
429,425,-4,0
414,404,-10,-1
407,400,-7,-2
383,380,-3,-3
354,348,-6,-4
310,305,-5,-5
239,230,-9,-4
181,179,-2,-4
152,148,-4,-4
125,128,3,-3
110,107,-3,-2
2,0,-2,-2
0,0,0,-1
0,0,0,-1
0,0,0,0
0,0,0,0
0,0,0,0
0,0,0,0
0,0,0,0
0,0,0,0
0,0,0,0
0,0,0,0
0,0,0,1
11,15,4,2
43,50,7,3
95,104,9,3
146,159,13,3
181,180,-1,4
193,192,-1,5
199,206,7,6
297,312,15,5
370,379,9,5
400,399,-1,4
416,415,-1,2
425,420,-5,1
426,427,1,0
413,404,-9,0
405,397,-8,-2
389,379,-10,-4
352,348,-4,-4
318,310,-8,-4
256,241,-15,-3
167,185,18,-3
147,152,5,-2
124,126,2,-2
117,110,-7,-1
5,2,-3,0
0,0,0,0
0,0,0,0
0,0,0,0
0,0,0,0
0,0,0,0
0,0,0,0
0,0,0,0
0,0,0,0
0,0,0,0
0,0,0,0
0,0,0,2
12,12,0,3
29,47,18,3
88,101,13,3
141,151,10,3
186,180,-6,5
199,196,-3,6
202,203,1,6
276,303,27,6
364,373,9,5
398,397,-1,3
414,412,-2,3
424,420,-4,2
425,424,-1,1
410,407,-3,0
404,401,-3,-1
387,382,-5,-3
360,350,-10,-4
323,316,-7,-4
263,247,-16,-3
184,192,8,-3
155,158,3,-3
126,130,4,-3
114,109,-5,-3
20,11,-9,-2
0,0,0,-1
0,0,0,0
0,0,0,0
0,0,0,0
0,0,0,-1
0,0,0,0
0,0,0,0
0,0,0,0
0,0,0,0
0,0,0,0
0,0,0,1
12,11,-1,1
33,47,14,1
92,99,7,2
149,148,-1,2
175,175,0,4
193,193,0,5
198,203,5,6
265,294,29,6
358,370,12,6
395,396,1,5
410,411,1,4
418,418,0,4
420,419,-1,3
415,408,-7,1
403,402,-1,0
393,384,-9,-2
360,354,-6,-3
321,316,-5,-3
259,251,-8,-3
188,189,1,-3
149,155,6,-3
135,129,-6,-3
107,108,1,-2
17,10,-7,-1
0,0,0,-1
0,0,0,0
0,0,0,0
0,0,0,0
0,0,0,0
0,0,0,0
0,0,0,0
0,0,0,0
0,0,0,0
0,0,0,0
0,0,0,0
14,14,0,0
40,39,-1,0
96,100,4,0
152,156,4,0
181,180,-1,2
187,192,5,3
210,204,-6,3
278,304,26,4
365,375,10,4
395,395,0,3
412,411,-1,3
423,419,-4,2
422,423,1,1
416,408,-8,0
407,398,-9,-1
386,380,-6,-4
358,348,-10,-5
320,314,-6,-5
262,251,-11,-5
188,191,3,-5
158,152,-6,-5
126,132,6,-4
117,112,-5,-3
16,7,-9,-3
0,0,0,-2
0,0,0,-1
0,0,0,-1
0,0,0,-1
0,0,0,0
0,0,0,0
0,0,0,0
0,0,0,0
0,0,0,0
0,0,0,0
0,0,0,0
13,10,-3,1
36,43,7,0
91,93,2,0
140,150,10,0
183,174,-9,1
197,190,-7,2
207,202,-5,3
253,285,32,3
352,366,14,4
394,394,0,3
408,407,-1,3
419,417,-2,2
420,419,-1,1
412,405,-7,1
407,400,-7,0
391,386,-5,-2
358,354,-4,-3
321,316,-5,-2
260,258,-2,-2
187,194,7,-1
153,159,6,-1
128,132,4,-1
114,116,2,-1
41,21,-20,0
0,0,0,0
0,0,0,0
0,0,0,0
0,0,0,-1
0,0,0,-1
0,0,0,-1
0,0,0,-1
0,0,0,0
0,0,0,0
0,0,0,0
0,0,0,0
11,10,-1,1
37,41,4,1
89,93,4,2
134,148,14,2
173,176,3,4
197,193,-4,5
198,202,4,6
245,273,28,6
347,359,12,6
396,396,0,5
411,410,-1,4
423,420,-3,3
424,422,-2,2
409,408,-1,1
403,400,-3,0
388,385,-3,-3
371,358,-13,-4
332,322,-10,-4
270,261,-9,-3
194,200,6,-3
162,163,1,-3
134,134,0,-4
110,113,3,-3
47,28,-19,-3
0,0,0,-2
0,0,0,-1
0,0,0,-1
0,0,0,-1
0,0,0,-1
0,0,0,-1
0,0,0,-1
0,0,0,0
0,0,0,0
0,0,0,0
0,0,0,0
10,10,0,0
36,39,3,1
81,83,2,1
139,148,9,0
167,172,5,2
195,190,-5,2
207,195,-12,3
237,262,25,3
342,353,11,3
392,392,0,2
408,407,-1,2
420,416,-4,1
422,419,-3,0
416,409,-7,0
402,398,-4,-1
393,391,-2,-3
371,359,-12,-3
330,322,-8,-4
260,262,2,-3
198,200,2,-2
162,162,0,-3
130,134,4,-2
113,116,3,-2
59,41,-18,-2
0,0,0,-1
0,0,0,0
0,0,0,-1
0,0,0,-1
0,0,0,-1
0,0,0,-1
0,0,0,0
0,0,0,0
0,0,0,0
0,0,0,0
0,0,0,0
6,7,1,1
32,33,1,2
70,78,8,2
126,138,12,3
164,170,6,4
186,191,5,5
201,202,1,6
222,234,12,6
331,345,14,6
391,394,3,5
407,406,-1,3
420,419,-1,2
423,418,-5,0
417,409,-8,0
411,402,-9,-1
399,392,-7,-3
372,369,-3,-5
335,330,-5,-5
281,269,-12,-5
209,204,-5,-4
163,166,3,-4
138,142,4,-4
114,116,2,-4
91,67,-24,-3
0,0,0,-3
0,0,0,-2
0,0,0,-2
0,0,0,-1
0,0,0,-1
0,0,0,-1
0,0,0,-1
0,0,0,0
0,0,0,0
0,0,0,0
0,0,0,1
2,8,6,2
27,26,-1,2
54,70,16,3
122,130,8,3
169,171,2,4
189,190,1,6
194,198,4,6
203,222,19,7
322,334,12,6
386,393,7,5
407,406,-1,4
422,419,-3,2
426,422,-4,1
425,415,-10,0
405,403,-2,-1
397,391,-6,-3
381,371,-10,-5
340,335,-5,-5
294,285,-9,-4
216,210,-6,-4
165,169,4,-4
135,142,7,-3
124,119,-5,-3
97,86,-11,-3
0,0,0,-2
0,0,0,-1
0,0,0,-1
0,0,0,0
0,0,0,-1
0,0,0,-1
0,0,0,0
0,0,0,0
0,0,0,0
0,0,0,0
0,0,0,0
0,0,0,2
18,23,5,3
54,61,7,3
97,119,22,4
161,164,3,4
179,184,5,5
192,195,3,6
209,209,0,6
313,323,10,5
380,388,8,5
401,403,2,3
418,416,-2,1
424,420,-4,1
430,424,-6,0
406,404,-2,-1
403,398,-5,-2
384,375,-9,-4
354,343,-11,-4
310,305,-5,-4
230,228,-2,-3
171,175,4,-3
148,145,-3,-2
112,124,12,-2
106,100,-6,-1
0,0,0,0
0,0,0,0
0,0,0,0
0,0,0,0
0,0,0,0
0,0,0,0
0,0,0,0
0,0,0,0
0,0,0,0
0,0,0,0
0,0,0,0
0,0,0,2
17,22,5,2
47,57,10,2
101,118,17,3
167,166,-1,3
190,186,-4,4
193,199,6,5
207,209,2,5
306,320,14,5
377,382,5,4
397,400,3,2
416,415,-1,1
419,418,-1,0
433,423,-10,0
410,402,-8,-1
402,396,-6,-2
383,380,-3,-4
356,347,-9,-5
310,298,-12,-5
231,226,-5,-5
175,178,3,-5
154,147,-7,-4
122,127,5,-3
106,99,-7,-2
0,2,2,-2
0,0,0,-1
0,0,0,0
0,0,0,0
0,0,0,0
0,0,0,0
0,0,0,0
0,0,0,0
0,0,0,0
0,0,0,0
0,0,0,0
0,0,0,2
12,18,6,2
46,51,5,3
95,116,21,3
161,160,-1,3
178,183,5,4
198,194,-4,5
202,205,3,5
301,312,11,5
372,380,8,4
393,396,3,3
417,416,-1,1
424,419,-5,1
428,428,0,0
410,403,-7,0
406,398,-8,-2
391,384,-7,-3
357,352,-5,-4
318,310,-8,-4
237,236,-1,-4
184,180,-4,-4
148,149,1,-4
131,126,-5,-3
109,105,-4,-3
0,0,0,-2
0,0,0,-1
0,0,0,-1
0,0,0,-1
0,0,0,0
0,0,0,0
0,0,0,0
0,0,0,0
0,0,0,0
0,0,0,0
0,0,0,0
0,0,0,1
11,16,5,1
41,49,8,2
105,109,4,2
159,164,5,2
186,182,-4,2
195,198,3,3
208,208,0,4
300,312,12,3
370,379,9,3
398,400,2,2
415,414,-1,1
423,419,-4,1
431,427,-4,0
410,407,-3,0
403,400,-3,-1
388,381,-7,-2
351,349,-2,-3
317,309,-8,-3
241,235,-6,-3
176,177,1,-2
142,149,7,-2
133,131,-2,-2
111,107,-4,-1
0,1,1,0
0,0,0,0
0,0,0,0
0,0,0,0
0,0,0,0
0,0,0,0
0,0,0,0
0,0,0,0
0,0,0,0
0,0,0,0
0,0,0,0
0,0,0,0
11,14,3,1
45,47,2,1
99,106,7,1
157,159,2,1
186,183,-3,1
195,192,-3,1
207,206,-1,2
300,306,6,2
366,374,8,1
392,395,3,1
412,414,2,0
419,416,-3,0
425,425,0,0
411,400,-11,0
403,398,-5,-2
390,384,-6,-3
354,352,-2,-4
318,308,-10,-4
253,238,-15,-5
179,185,6,-5
156,152,-4,-4
133,127,-6,-4
113,109,-4,-3
2,3,1,-3
0,0,0,-2
0,0,0,-1
0,0,0,0
0,0,0,0
0,0,0,0
0,0,0,0
0,0,0,0
0,0,0,0
0,0,0,0
0,0,0,0
0,0,0,1
10,12,2,2
39,46,7,2
89,102,13,3
141,154,13,3
187,181,-6,4
195,197,2,5
204,207,3,6
291,306,15,5
363,374,11,5
394,394,0,4
411,410,-1,3
421,416,-5,2
422,426,4,1
409,404,-5,0
400,400,0,0
391,384,-7,-2
357,350,-7,-2
316,312,-4,-2
255,246,-9,-1
177,188,11,-1
146,155,9,-1
136,129,-7,-1
109,110,1,-1
10,6,-4,0
0,0,0,0
0,0,0,0
0,0,0,0
0,0,0,0
0,0,0,0
0,0,0,0
0,0,0,0
0,0,0,0
0,0,0,0
0,0,0,0
0,0,0,0
12,9,-3,0
37,39,2,0
94,95,1,0
142,151,9,0
182,179,-3,2
193,194,1,3
199,204,5,4
266,286,20,4
348,361,13,4
390,391,1,4
408,407,-1,3
419,417,-2,2
422,420,-2,2
414,406,-8,0
401,398,-3,-1
391,386,-5,-3
363,357,-6,-4
327,318,-9,-4
272,257,-15,-4
195,197,2,-3
157,161,4,-3
128,134,6,-3
117,116,-1,-3
38,26,-12,-2
0,0,0,-1
0,0,0,0
0,0,0,0
0,0,0,0
0,0,0,0
0,0,0,-1
0,0,0,0
0,0,0,0
0,0,0,0
0,0,0,0
0,0,0,1
8,7,-1,2
30,36,6,3
62,84,22,3
130,136,6,3
165,171,6,4
200,191,-9,6
196,202,6,6
231,253,22,7
337,345,8,6
388,391,3,4
407,407,0,3
417,415,-2,2
420,415,-5,1
410,408,-2,1
407,401,-6,0
391,390,-1,-2
372,367,-5,-3
332,328,-4,-3
276,272,-4,-2
211,205,-6,-2
157,164,7,-2
132,137,5,-2
117,117,0,-2
79,56,-23,-2
0,0,0,-2
0,0,0,-1
0,0,0,-2
0,0,0,-1
0,0,0,-1
0,0,0,-1
0,0,0,-1
0,0,0,0
0,0,0,0
0,0,0,0
0,0,0,1
2,6,4,2
25,24,-1,3
58,73,15,4
119,136,17,4
162,171,9,5
189,189,0,6
197,198,1,7
209,226,17,8
326,341,15,7
385,390,5,6
406,405,-1,4
418,416,-2,3
421,419,-2,1
419,409,-10,0
408,404,-4,0
397,393,-4,-3
378,372,-6,-5
345,336,-9,-5
299,280,-19,-5
218,210,-8,-5
161,169,8,-5
136,143,7,-5
119,119,0,-4
97,76,-21,-4
0,0,0,-3
0,0,0,-2
0,0,0,-1
0,0,0,-1
0,0,0,-1
0,0,0,-1
0,0,0,-1
0,0,0,0
0,0,0,0
0,0,0,0
0,0,0,1
0,2,2,2
20,25,5,3
51,66,15,3
114,126,12,4
166,170,4,4
187,187,0,6
194,201,7,7
210,214,4,7
311,333,22,6
382,387,5,6
400,403,3,3
418,413,-5,2
421,417,-4,1
427,417,-10,0
407,404,-3,-1
398,395,-3,-3
378,373,-5,-5
349,338,-11,-6
313,291,-22,-5
222,220,-2,-4
169,171,2,-4
136,145,9,-3
118,125,7,-3
102,92,-10,-2
0,0,0,-1
0,0,0,0
0,0,0,0
0,0,0,0
0,0,0,0
0,0,0,0
0,0,0,0
0,0,0,0
0,0,0,0
0,0,0,0
0,0,0,0
0,0,0,1
19,22,3,2
52,62,10,2
110,123,13,3
161,164,3,3
184,184,0,4
197,199,2,5
214,216,2,5
311,328,17,5
382,387,5,4
402,404,2,2
420,417,-3,1
420,418,-2,0
427,417,-10,0
408,402,-6,-2
404,395,-9,-3
384,374,-10,-6
349,342,-7,-6
314,299,-15,-6
232,221,-11,-6
170,176,6,-5
138,147,9,-5
127,119,-8,-4
104,98,-6,-3
0,0,0,-2
0,0,0,-1
0,0,0,0
0,0,0,0
0,0,0,0
0,0,0,0
0,0,0,0
0,0,0,0
0,0,0,0
0,0,0,0
0,0,0,0
0,0,0,1
10,16,6,2
45,51,6,2
99,111,12,3
152,154,2,3
181,184,3,4
191,197,6,5
204,207,3,5
299,311,12,5
372,380,8,5
394,397,3,4
414,414,0,3
421,418,-3,2
427,424,-3,1
408,405,-3,0
400,394,-6,-1
388,382,-6,-3
353,349,-4,-3
318,312,-6,-4
249,234,-15,-4
177,184,7,-4
154,152,-2,-3
128,130,2,-4
117,105,-12,-3
0,0,0,-2
0,0,0,-1
0,0,0,-1
0,0,0,0
0,0,0,-1
0,0,0,0
0,0,0,0
0,0,0,0
0,0,0,0
0,0,0,0
0,0,0,1
0,0,0,1
12,18,6,1
38,48,10,2
104,107,3,2
158,160,2,2
180,186,6,2
199,193,-6,3
213,209,-4,3
302,313,11,3
370,380,10,2
396,397,1,1
412,411,-1,0
421,417,-4,0
430,426,-4,0
409,405,-4,-1
407,395,-12,-1
384,380,-4,-3
348,349,1,-3
318,311,-7,-3
237,232,-5,-3
175,181,6,-2
148,150,2,-2
129,124,-5,-2
110,110,0,-1
1,0,-1,0
0,0,0,0
0,0,0,0
0,0,0,0
0,0,0,0
0,0,0,0
0,0,0,0
0,0,0,0
0,0,0,0
0,0,0,0
0,0,0,0
0,0,0,1
8,11,3,1
37,43,6,2
93,102,9,2
150,156,6,2
174,178,4,3
201,194,-7,3
202,207,5,4
293,303,10,4
363,370,7,3
393,393,0,2
412,412,0,1
421,418,-3,0
424,423,-1,0
409,403,-6,0
403,399,-4,-1
394,385,-9,-3
355,351,-4,-4
319,313,-6,-4
257,245,-12,-4
182,186,4,-4
160,156,-4,-4
133,132,-1,-4
109,106,-3,-3
15,9,-6,-2
0,0,0,-2
0,0,0,-1
0,0,0,-1
0,0,0,-1
0,0,0,0
0,0,0,0
0,0,0,0
0,0,0,0
0,0,0,0
0,0,0,0
0,0,0,0
11,10,-1,0
40,39,-1,1
98,102,4,1
144,154,10,1
175,181,6,2
199,193,-6,3
201,206,5,4
285,304,19,5
361,371,10,4
394,395,1,4
412,410,-2,3
422,418,-4,2
422,424,2,1
407,405,-2,1
407,397,-10,0
385,386,1,-2
359,352,-7,-3
325,318,-7,-3
262,250,-12,-3
181,188,7,-3
160,156,-4,-3
131,133,2,-2
116,112,-4,-1
10,14,4,-1
0,0,0,0
0,0,0,0
0,0,0,0
0,0,0,0
0,0,0,0
0,0,0,0
0,0,0,0
0,0,0,0
0,0,0,0
0,0,0,0
0,0,0,0
12,12,0,0
46,47,1,0
93,101,8,1
156,158,2,1
182,181,-1,2
189,194,5,3
205,206,1,3
292,305,13,3
367,372,5,3
395,394,-1,2
408,410,2,2
418,414,-4,1
423,424,1,0
407,402,-5,0
410,398,-12,-2
391,384,-7,-3
354,350,-4,-4
315,314,-1,-4
248,240,-8,-4
188,181,-7,-4
153,154,1,-4
135,130,-5,-4
116,113,-3,-3
12,6,-6,-3
0,0,0,-2
0,0,0,-2
0,0,0,-1
0,0,0,-1
0,0,0,-1
0,0,0,0
0,0,0,0
0,0,0,0
0,0,0,0
0,0,0,0
0,0,0,0
8,10,2,0
38,39,1,0
94,100,6,1
151,153,2,1
181,177,-4,2
188,192,4,4
195,200,5,4
276,301,25,4
359,369,10,4
394,393,-1,4
414,413,-1,3
424,421,-3,3
424,422,-2,2
411,405,-6,0
401,397,-4,-1
391,386,-5,-3
358,351,-7,-3
321,315,-6,-3
251,247,-4,-3
189,189,0,-3
145,153,8,-3
139,126,-13,-3
115,110,-5,-3
17,14,-3,-2
0,0,0,-2
0,0,0,-1
0,0,0,-1
0,0,0,-1
0,0,0,-1
0,0,0,0
0,0,0,0
0,0,0,0
0,0,0,0
0,0,0,0
0,0,0,1
11,13,2,1
38,43,5,2
85,100,15,2
153,154,1,2
175,178,3,2
193,193,0,3
212,203,-9,3
287,303,16,3
364,374,10,3
397,397,0,2
412,410,-2,1
420,417,-3,0
422,423,1,0
414,402,-12,-1
403,401,-2,-1
393,386,-7,-3
356,350,-6,-4
313,313,0,-3
261,249,-12,-3
189,193,4,-3
154,154,0,-2
133,133,0,-2
111,114,3,-1
17,11,-6,-1
0,0,0,-1
0,0,0,0
0,0,0,0
0,0,0,0
0,0,0,0
0,0,0,0
0,0,0,0
0,0,0,0
0,0,0,0
0,0,0,0
0,0,0,2
8,11,3,3
32,46,14,4
89,103,14,4
144,154,10,4
177,180,3,5
199,195,-4,6
199,205,6,7
284,303,19,7
363,372,9,6
396,396,0,5
409,411,2,4
421,417,-4,3
419,424,5,2
406,401,-5,1
404,399,-5,0
390,384,-6,-2
357,351,-6,-3
320,317,-3,-3
254,243,-11,-3
188,189,1,-4
155,156,1,-3
133,129,-4,-3
116,109,-7,-3
3,5,2,-2
0,0,0,-1
0,0,0,-1
0,0,0,0
0,0,0,0
0,0,0,0
0,0,0,0
0,0,0,0
0,0,0,0
0,0,0,0
0,0,0,0
0,0,0,0
10,10,0,1
38,38,0,2
79,95,16,1
147,148,1,2
167,175,8,3
199,188,-11,5
200,205,5,5
250,283,33,6
349,359,10,6
392,393,1,4
409,406,-3,4
420,417,-3,3
422,421,-1,2
411,405,-6,1
405,401,-4,-1
394,388,-6,-3
364,355,-9,-4
330,317,-13,-4
263,262,-1,-3
193,195,2,-3
164,161,-3,-4
123,134,11,-4
123,114,-9,-3
42,27,-15,-3
0,0,0,-2
0,0,0,-1
0,0,0,-1
0,0,0,-1
0,0,0,-1
0,0,0,-1
0,0,0,0
0,0,0,0
0,0,0,0
0,0,0,0
0,0,0,0
8,8,0,1
28,36,8,2
78,82,4,3
123,139,16,3
169,174,5,4
188,189,1,5
199,198,-1,5
227,243,16,5
339,348,9,5
394,395,1,3
407,406,-1,3
416,413,-3,1
421,415,-6,0
411,407,-4,0
408,400,-8,-1
393,393,0,-3
371,364,-7,-4
330,324,-6,-5
281,268,-13,-4
206,207,1,-4
171,167,-4,-4
129,135,6,-5
116,114,-2,-4
80,56,-24,-4
0,0,0,-4
0,0,0,-2
0,0,0,-2
0,0,0,-2
0,0,0,-2
0,0,0,-2
0,0,0,-1
0,0,0,0
0,0,0,0
0,0,0,0
0,0,0,1
0,3,3,1
26,29,3,2
58,71,13,2
130,130,0,2
163,169,6,2
185,185,0,3
198,198,0,4
215,219,4,4
322,335,13,3
384,387,3,3
402,402,0,1
417,414,-3,0
422,417,-5,0
423,409,-14,0
402,401,-1,-1
394,394,0,-3
378,374,-4,-4
348,337,-11,-5
304,290,-14,-6
214,215,1,-5
174,167,-7,-6
147,140,-7,-6
122,121,-1,-6
111,88,-23,-6
0,0,0,-6
0,0,0,-4
0,0,0,-4
0,0,0,-3
0,0,0,-2
0,0,0,-1
0,0,0,-1
0,0,0,0
0,0,0,0
0,0,0,0
0,0,0,0
0,0,0,1
15,21,6,1
59,63,4,1
116,121,5,1
161,167,6,1
188,185,-3,1
207,198,-9,2
213,207,-6,2
305,326,21,2
379,386,7,2
402,401,-1,0
417,415,-2,0
419,419,0,0
428,417,-11,0
407,403,-4,-1
398,396,-2,-2
385,373,-12,-4
353,341,-12,-5
297,295,-2,-4
220,223,3,-3
179,171,-8,-3
141,146,5,-2
110,121,11,-1
100,100,0,0
0,0,0,0
0,0,0,1
0,0,0,1
0,0,0,1
0,0,0,1
0,0,0,0
0,0,0,0
0,0,0,0
0,0,0,0
0,0,0,0
0,0,0,0
0,0,0,1
16,22,6,2
51,54,3,3
110,123,13,3
158,164,6,3
182,188,6,3
204,198,-6,4
214,211,-3,4
312,325,13,4
379,386,7,3
402,402,0,1
418,415,-3,0
423,418,-5,0
428,419,-9,0
403,402,-1,-1
393,393,0,-2
382,378,-4,-4
353,340,-13,-4
303,297,-6,-4
228,222,-6,-4
176,176,0,-4
144,144,0,-3
123,123,0,-3
110,99,-11,-3
0,0,0,-3
0,0,0,-1
0,0,0,-1
0,0,0,-1
0,0,0,-1
0,0,0,0
0,0,0,0
0,0,0,0
0,0,0,0
0,0,0,0
0,0,0,0
0,0,0,1
14,18,4,2
45,50,5,2
103,115,12,2
158,165,7,1
187,182,-5,2
204,198,-6,2
214,206,-8,3
301,317,16,3
375,384,9,2
397,400,3,1
416,416,0,0
420,418,-2,0
429,421,-8,0
407,402,-5,0
404,397,-7,-1
384,380,-4,-2
348,347,-1,-3
310,302,-8,-2
228,228,0,-2
172,178,6,-1
140,148,8,-1
125,130,5,0
113,103,-10,0
0,0,0,0
0,0,0,0
0,0,0,0
0,0,0,0
0,0,0,0
0,0,0,0
0,0,0,0
0,0,0,0
0,0,0,0
0,0,0,0
0,0,0,0
0,0,0,1
15,21,6,2
48,52,4,3
102,115,13,3
162,165,3,4
172,181,9,5
193,197,4,6
204,206,2,6
305,322,17,6
378,386,8,5
396,398,2,4
417,415,-2,3
421,419,-2,2
428,418,-10,0
406,403,-3,0
396,397,1,-2
384,372,-12,-4
349,341,-8,-5
307,295,-12,-4
233,225,-8,-4
168,179,11,-4
146,147,1,-3
131,125,-6,-3
110,105,-5,-3
0,0,0,-2
0,0,0,-1
0,0,0,0
0,0,0,0
0,0,0,0
0,0,0,0
0,0,0,0
0,0,0,0
0,0,0,0
0,0,0,0
0,0,0,0
0,0,0,2
15,19,4,3
44,52,8,4
91,117,26,5
148,160,12,5
182,184,2,6
192,192,0,7
206,209,3,7
303,312,9,6
374,382,8,5
396,397,1,4
412,412,0,1
418,415,-3,0
430,423,-7,0
406,401,-5,0
404,397,-7,-2
384,382,-2,-4
350,346,-4,-4
318,306,-12,-5
244,233,-11,-5
181,182,1,-5
146,147,1,-5
133,127,-6,-5
115,101,-14,-4
0,0,0,-4
0,0,0,-3
0,0,0,-2
0,0,0,-1
0,0,0,-1
0,0,0,-1
0,0,0,0
0,0,0,0
0,0,0,0
0,0,0,0
0,0,0,0
0,0,0,1
10,15,5,2
44,49,5,2
98,113,15,3
148,156,8,3
182,175,-7,3
190,193,3,4
204,207,3,4
304,309,5,4
371,382,11,3
397,397,0,2
411,411,0,1
421,417,-4,0
425,425,0,0
408,403,-5,0
399,395,-4,-1
388,380,-8,-1
352,351,-1,-2
313,308,-5,-2
229,236,7,-1
179,184,5,-1
155,149,-6,-1
121,123,2,0
105,106,1,0
4,0,-4,0
0,0,0,0
0,0,0,0
0,0,0,0
0,0,0,0
0,0,0,0
0,0,0,0
0,0,0,0
0,0,0,0
0,0,0,0
0,0,0,0
0,0,0,1
11,13,2,1
35,42,7,2
97,106,9,2
151,156,5,1
182,178,-4,2
194,194,0,2
206,198,-8,3
293,305,12,2
367,377,10,2
396,396,0,1
412,409,-3,0
422,417,-5,0
424,425,1,0
408,400,-8,-1
407,400,-7,-2
389,381,-8,-4
356,349,-7,-5
317,311,-6,-5
254,240,-14,-5
180,188,8,-5
156,154,-2,-4
135,131,-4,-4
119,111,-8,-3
7,6,-1,-2
0,0,0,-2
0,0,0,-1
0,0,0,-1
0,0,0,-1
0,0,0,0
0,0,0,0
0,0,0,0
0,0,0,0
0,0,0,0
0,0,0,0
0,0,0,1
9,9,0,1
33,42,9,2
83,92,9,2
139,144,5,2
167,172,5,4
197,192,-5,5
199,203,4,5
243,267,24,6
350,359,9,5
395,396,1,4
407,407,0,3
420,417,-3,2
421,418,-3,1
409,407,-2,0
405,398,-7,-1
391,387,-4,-3
366,356,-10,-5
330,320,-10,-5
266,256,-10,-5
203,195,-8,-5
159,156,-3,-6
129,130,1,-6
109,115,6,-5
53,32,-21,-4
0,0,0,-4
0,0,0,-2
0,0,0,-2
0,0,0,-1
0,0,0,-1
0,0,0,-1
0,0,0,-1
0,0,0,0
0,0,0,0
0,0,0,0
0,0,0,0
6,5,-1,1
30,33,3,2
75,84,9,2
132,139,7,2
162,170,8,3
188,189,1,5
197,197,0,5
217,236,19,6
333,344,11,6
389,392,3,4
406,406,0,3
415,413,-2,2
420,415,-5,1
412,406,-6,0
403,397,-6,-1
395,391,-4,-3
378,368,-10,-4
331,329,-2,-5
282,267,-15,-5
207,206,-1,-5
163,165,2,-5
143,138,-5,-6
123,117,-6,-5
81,60,-21,-5
0,0,0,-4
0,0,0,-3
0,0,0,-3
0,0,0,-3
0,0,0,-2
0,0,0,-2
0,0,0,-1
0,0,0,0
0,0,0,0
0,0,0,0
0,0,0,1
0,4,4,2
19,24,5,2
57,68,11,3
118,129,11,2
168,169,1,2
186,185,-1,3
203,194,-9,4
213,218,5,4
320,333,13,3
383,389,6,2
401,402,1,1
416,414,-2,0
421,418,-3,0
421,412,-9,0
401,399,-2,-1
394,392,-2,-3
379,369,-10,-4
344,335,-9,-5
290,275,-15,-4
215,210,-5,-4
160,168,8,-5
142,144,2,-4
114,118,4,-4
105,79,-26,-4
0,0,0,-3
0,0,0,-2
0,0,0,-2
0,0,0,-1
0,0,0,-2
0,0,0,-1
0,0,0,-1
0,0,0,0
0,0,0,0
0,0,0,0
0,0,0,0
0,0,0,1
19,24,5,2
49,59,10,2
111,123,12,2
168,165,-3,2
182,181,-1,3
193,195,2,4
211,209,-2,4
308,328,20,4
381,387,6,4
398,400,2,1
414,411,-3,1
418,416,-2,0
430,416,-14,0
402,398,-4,-1
394,393,-1,-2
383,373,-10,-4
341,335,-6,-4
299,293,-6,-4
223,224,1,-3
174,173,-1,-3
137,143,6,-2
121,120,-1,-1
94,91,-3,-1
0,0,0,0
0,0,0,0
0,0,0,0
0,0,0,0
0,0,0,0
0,0,0,0
0,0,0,0
0,0,0,0
0,0,0,0
0,0,0,0
0,0,0,1
0,0,0,2
12,18,6,3
41,52,11,4
99,115,16,4
152,160,8,4
178,178,0,5
190,192,2,6
205,208,3,6
295,307,12,6
367,377,10,5
395,397,2,4
412,412,0,2
420,416,-4,0
427,422,-5,0
407,397,-10,-1
405,395,-10,-3
385,376,-9,-4
349,346,-3,-5
311,304,-7,-6
239,229,-10,-6
176,177,1,-6
151,145,-6,-5
129,122,-7,-4
104,105,1,-3
3,1,-2,-3
0,0,0,-2
0,0,0,-1
0,0,0,-1
0,0,0,-1
0,0,0,0
0,0,0,0
0,0,0,0
0,0,0,0
0,0,0,0
0,0,0,0
0,0,0,2
7,12,5,2
34,42,8,3
84,101,17,3
148,152,4,3
174,180,6,4
199,193,-6,5
201,201,0,5
286,302,16,5
360,370,10,4
393,395,2,3
413,411,-2,2
420,417,-3,1
423,423,0,0
406,398,-8,0
402,394,-8,-1
389,378,-11,-3
353,350,-3,-3
314,314,0,-4
243,242,-1,-4
179,180,1,-3
156,147,-9,-3
132,127,-5,-2
101,107,6,-1
6,4,-2,-1
0,0,0,-1
0,0,0,0
0,0,0,0
0,0,0,0
0,0,0,0
0,0,0,0
0,0,0,0
0,0,0,0
0,0,0,0
0,0,0,0
0,0,0,0
11,9,-2,0
39,40,1,1
91,94,3,1
148,151,3,1
161,175,14,2
192,193,1,4
209,202,-7,4
269,293,24,4
352,362,10,5
393,392,-1,3
408,408,0,3
419,415,-4,2
422,420,-2,0
408,403,-5,0
400,397,-3,-1
389,382,-7,-3
363,350,-13,-4
323,315,-8,-4
253,250,-3,-4
186,186,0,-4
146,150,4,-5
132,126,-6,-4
115,108,-7,-4
22,12,-10,-3
0,0,0,-2
0,0,0,-2
0,0,0,-2
0,0,0,-1
0,0,0,-1
0,0,0,-1
0,0,0,0
0,0,0,0
0,0,0,0
0,0,0,0
0,0,0,0
10,8,-2,1
41,41,0,1
78,85,7,2
133,146,13,1
170,177,7,3
196,191,-5,4
207,198,-9,4
249,277,28,4
345,354,9,5
389,388,-1,3
406,405,-1,3
415,414,-1,1
418,415,-3,0
407,402,-5,0
404,397,-7,-1
389,387,-2,-3
367,354,-13,-3
321,317,-4,-3
258,258,0,-3
198,196,-2,-3
153,158,5,-4
130,126,-4,-4
107,106,-1,-4
45,22,-23,-3
0,0,0,-3
0,0,0,-2
0,0,0,-2
0,0,0,-2
0,0,0,-2
0,0,0,-1
0,0,0,-1
0,0,0,0
0,0,0,0
0,0,0,0
0,0,0,0
6,6,0,1
31,36,5,1
70,79,9,1
133,139,6,2
175,170,-5,3
182,184,2,4
190,198,8,5
224,245,21,5
335,343,8,5
387,389,2,4
407,405,-2,3
415,414,-1,2
417,412,-5,2
408,406,-2,0
402,396,-6,-1
391,387,-4,-3
376,364,-12,-4
332,326,-6,-4
276,266,-10,-4
202,199,-3,-4
153,160,7,-5
135,135,0,-5
121,114,-7,-4
67,49,-18,-4
0,0,0,-3
0,0,0,-2
0,0,0,-2
0,0,0,-2
0,0,0,-2
0,0,0,-1
0,0,0,0
0,0,0,0
0,0,0,0
0,0,0,0
0,0,0,0
1,4,3,1
22,24,2,2
63,69,6,2
116,131,15,3
167,168,1,3
182,184,2,4
191,197,6,5
217,222,5,5
325,338,13,4
384,388,4,4
406,404,-2,2
418,415,-3,1
420,416,-4,0
418,408,-10,0
401,399,-2,-2
395,389,-6,-3
371,366,-5,-5
345,333,-12,-5
289,279,-10,-5
211,210,-1,-4
161,165,4,-4
137,136,-1,-4
114,117,3,-3
92,79,-13,-2
0,0,0,-2
0,0,0,-1
0,0,0,-1
0,0,0,0
0,0,0,-1
0,0,0,0
0,0,0,0
0,0,0,0
0,0,0,0
0,0,0,0
0,0,0,1
0,0,0,1
16,23,7,2
48,58,10,3
112,122,10,2
164,163,-1,2
177,184,7,3
202,193,-9,4
209,209,0,4
305,322,17,4
376,385,9,3
395,398,3,2
415,412,-3,1
417,414,-3,0
428,418,-10,0
407,401,-6,-1
401,394,-7,-3
379,373,-6,-5
348,338,-10,-6
305,296,-9,-6
230,217,-13,-6
167,171,4,-6
135,138,3,-5
128,122,-6,-5
111,99,-12,-4
0,0,0,-3
0,0,0,-2
0,0,0,-2
0,0,0,-1
0,0,0,-1
0,0,0,-1
0,0,0,0
0,0,0,0
0,0,0,0
0,0,0,0
0,0,0,1
0,0,0,2
12,17,5,3
42,56,14,3
105,114,9,3
155,164,9,3
182,183,1,3
201,197,-4,3
215,203,-12,3
307,320,13,3
376,383,7,3
398,400,2,1
416,414,-2,0
418,416,-2,0
424,420,-4,-1
405,400,-5,-1
400,395,-5,-2
389,377,-12,-3
346,343,-3,-4
306,295,-11,-3
225,225,0,-3
168,176,8,-3
152,149,-3,-3
123,124,1,-2
111,105,-6,-1
0,0,0,-1
0,0,0,0
0,0,0,0
0,0,0,0
0,0,0,0
0,0,0,0
0,0,0,0
0,0,0,0
0,0,0,0
0,0,0,0
0,0,0,0
0,0,0,1
11,15,4,1
49,50,1,2
97,110,13,2
152,157,5,3
171,178,7,3
193,194,1,4
204,203,-1,4
303,309,6,4
371,380,9,4
394,397,3,3
416,414,-2,1
422,420,-2,0
427,425,-2,0
408,403,-5,-1
405,395,-10,-1
382,376,-6,-3
349,347,-2,-4
313,308,-5,-4
244,232,-12,-4
177,179,2,-3
147,148,1,-2
120,123,3,-2
100,103,3,-1
0,0,0,0
0,0,0,0
0,0,0,0
0,0,0,0
0,0,0,0
0,0,0,0
0,0,0,0
0,0,0,0
0,0,0,0
0,0,0,0
0,0,0,0
0,0,0,0
13,17,4,1
46,47,1,1
98,105,7,1
153,158,5,1
181,180,-1,1
202,197,-5,1
212,205,-7,2
300,311,11,2
367,376,9,1
393,395,2,1
411,410,-1,0
419,416,-3,0
424,425,1,0
410,403,-7,0
399,398,-1,0
389,382,-7,-2
352,349,-3,-3
311,306,-5,-3
250,233,-17,-2
176,181,5,-2
149,153,4,-1
111,125,14,-1
107,106,-1,0
0,0,0,0
0,0,0,0
0,0,0,1
0,0,0,1
0,0,0,1
0,0,0,0
0,0,0,0
0,0,0,0
0,0,0,0
0,0,0,0
0,0,0,0
0,0,0,0
11,11,0,0
46,41,-5,0
90,97,7,0
152,149,-3,0
178,179,1,0
189,194,5,1
208,198,-10,2
275,295,20,2
357,365,8,2
392,393,1,1
412,412,0,1
421,417,-4,0
422,418,-4,0
411,404,-7,-1
410,400,-10,-2
396,386,-10,-5
360,350,-10,-5
317,312,-5,-5
261,248,-13,-5
184,191,7,-5
151,157,6,-4
130,128,-2,-4
115,110,-5,-3
20,14,-6,-2
0,0,0,-1
0,0,0,0
0,0,0,0
0,0,0,0
0,0,0,-1
0,0,0,0
0,0,0,0
0,0,0,0
0,0,0,0
0,0,0,0
0,0,0,0
11,12,1,0
44,42,-2,1
96,99,3,1
147,150,3,2
166,179,13,3
190,197,7,4
202,202,0,5
279,299,20,5
359,369,10,5
395,395,0,4
411,411,0,4
424,418,-6,2
423,422,-1,0
413,404,-9,0
406,400,-6,-1
392,385,-7,-3
356,350,-6,-4
321,318,-3,-4
256,254,-2,-3
191,188,-3,-2
151,155,4,-2
130,131,1,-1
103,111,8,0
19,18,-1,0
0,0,0,0
0,0,0,1
0,0,0,0
0,0,0,0
0,0,0,0
0,0,0,0
0,0,0,0
0,0,0,0
0,0,0,0
0,0,0,0
0,0,0,0
11,9,-2,0
36,42,6,1
90,89,-1,1
141,150,9,1
171,175,4,3
196,191,-5,4
197,202,5,5
259,286,27,5
349,360,11,5
396,395,-1,4
409,409,0,4
421,417,-4,3
421,418,-3,2
413,408,-5,0
404,403,-1,-1
395,389,-6,-3
367,353,-14,-4
325,319,-6,-4
268,258,-10,-4
191,193,2,-4
154,159,5,-4
129,128,-1,-4
112,111,-1,-4
47,26,-21,-3
0,0,0,-3
0,0,0,-2
0,0,0,-2
0,0,0,-2
0,0,0,-2
0,0,0,-1
0,0,0,-1
0,0,0,0
0,0,0,0
0,0,0,0
0,0,0,0
7,9,2,1
32,36,4,1
78,83,5,2
129,139,10,2
174,173,-1,3
186,192,6,4
203,198,-5,5
229,254,25,5
340,350,10,5
392,394,2,4
409,408,-1,3
418,415,-3,3
420,417,-3,1
408,407,-1,0
402,398,-4,0
398,389,-9,-3
373,365,-8,-4
333,323,-10,-4
269,264,-5,-4
202,202,0,-3
161,162,1,-3
131,136,5,-3
109,114,5,-3
74,53,-21,-2
0,0,0,-2
0,0,0,-1
0,0,0,-1
0,0,0,-1
0,0,0,-1
0,0,0,-1
0,0,0,-1
0,0,0,0
0,0,0,0
0,0,0,0
0,0,0,1
3,9,6,2
23,28,5,3
66,76,10,4
122,134,12,5
155,170,15,6
186,190,4,7
195,193,-2,8
209,228,19,8
325,337,12,7
384,387,3,6
404,403,-1,4
417,414,-3,3
421,418,-3,1
417,411,-6,0
403,401,-2,0
396,392,-4,-2
377,372,-5,-3
341,332,-9,-3
286,281,-5,-3
204,209,5,-3
166,167,1,-3
146,140,-6,-3
121,122,1,-3
96,79,-17,-3
0,0,0,-2
0,0,0,-1
0,0,0,-2
0,0,0,-2
0,0,0,-1
0,0,0,-1
0,0,0,0
0,0,0,0
0,0,0,0
0,0,0,0
0,0,0,0
0,0,0,2
21,24,3,3
48,59,11,4
107,124,17,5
159,168,9,6
173,186,13,7
193,195,2,8
210,215,5,8
307,328,21,8
379,386,7,7
400,400,0,5
417,415,-2,3
424,419,-5,2
429,418,-11,0
408,403,-5,-1
393,394,1,-3
382,371,-11,-5
350,340,-10,-5
308,296,-12,-4
223,217,-6,-4
164,176,12,-4
140,146,6,-3
130,124,-6,-3
110,96,-14,-3
0,0,0,-2
0,0,0,-1
0,0,0,-1
0,0,0,0
0,0,0,-1
0,0,0,-1
0,0,0,0
0,0,0,0
0,0,0,0
0,0,0,0
0,0,0,0
0,0,0,1
16,20,4,2
47,55,8,2
112,116,4,2
155,166,11,3
184,182,-2,4
194,195,1,5
199,208,9,5
302,317,15,5
372,381,9,5
396,398,2,4
413,412,-1,3
419,416,-3,2
428,420,-8,1
407,401,-6,0
396,396,0,-1
387,380,-7,-2
347,342,-5,-3
307,303,-4,-3
228,225,-3,-2
164,173,9,-2
150,144,-6,-2
121,125,4,-2
111,101,-10,-1
0,0,0,-1
0,0,0,0
0,0,0,0
0,0,0,0
0,0,0,0
0,0,0,0
0,0,0,0
0,0,0,0
0,0,0,0
0,0,0,0
0,0,0,0
0,0,0,1
10,17,7,1
50,53,3,2
115,119,4,2
152,162,10,2
183,185,2,3
197,198,1,3
215,212,-3,4
311,322,11,3
375,383,8,3
399,399,0,2
419,416,-3,1
423,419,-4,0
427,421,-6,0
403,400,-3,-1
395,392,-3,-2
386,376,-10,-4
351,342,-9,-4
304,297,-7,-4
229,221,-8,-3
170,178,8,-3
142,147,5,-3
127,125,-2,-3
111,103,-8,-2
0,0,0,-1
0,0,0,0
0,0,0,0
0,0,0,0
0,0,0,0
0,0,0,0
0,0,0,0
0,0,0,0
0,0,0,0
0,0,0,0
0,0,0,0
0,0,0,1
16,20,4,2
44,52,8,3
102,117,15,3
158,161,3,3
174,184,10,4
196,195,-1,5
209,205,-4,5
308,321,13,5
378,384,6,4
398,400,2,3
415,414,-1,1
419,417,-2,0
427,422,-5,-1
410,400,-10,-2
404,395,-9,-3
384,374,-10,-4
345,340,-5,-4
303,296,-7,-4
225,225,0,-4
167,174,7,-4
146,146,0,-3
126,122,-4,-2
107,102,-5,-1
0,0,0,-1
0,0,0,0
0,0,0,0
0,0,0,0
0,0,0,0
0,0,0,0
0,0,0,0
0,0,0,0
0,0,0,0
0,0,0,0
0,0,0,0
0,0,0,1
13,18,5,2
52,51,-1,2
100,119,19,2
159,164,5,3
175,180,5,3
200,195,-5,4
207,207,0,4
304,315,11,4
374,382,8,3
396,398,2,2
417,414,-3,1
422,420,-2,0
426,421,-5,0
401,396,-5,-1
399,394,-5,-2
386,376,-10,-3
352,344,-8,-4
300,302,2,-4
232,222,-10,-4
173,173,0,-3
147,146,-1,-2
115,121,6,-2
99,100,1,-1
0,0,0,0
0,0,0,0
0,0,0,0
0,0,0,0
0,0,0,0
0,0,0,0
0,0,0,0
0,0,0,0
0,0,0,0
0,0,0,0
0,0,0,0
0,0,0,1
13,17,4,3
44,51,7,3
92,111,19,3
149,160,11,4
184,178,-6,4
192,195,3,5
205,204,-1,6
295,307,12,5
364,376,12,5
394,395,1,3
412,411,-1,2
420,418,-2,1
423,423,0,0
406,400,-6,0
402,396,-6,-1
385,379,-6,-3
351,346,-5,-4
315,307,-8,-4
244,236,-8,-4
175,176,1,-4
153,150,-3,-3
128,129,1,-3
110,109,-1,-2
3,4,1,-1
0,0,0,-1
0,0,0,0
0,0,0,0
0,0,0,0
0,0,0,0
0,0,0,0
0,0,0,0
0,0,0,0
0,0,0,0
0,0,0,0
0,0,0,0
15,12,-3,0
43,46,3,0
98,102,4,1
153,156,3,0
172,179,7,1
196,191,-5,2
201,200,-1,3
286,301,15,3
359,371,12,3
394,393,-1,2
410,409,-1,1
419,415,-4,1
423,421,-2,0
409,401,-8,0
404,397,-7,-1
388,383,-5,-3
351,350,-1,-4
317,309,-8,-4
257,240,-17,-4
179,184,5,-3
148,152,4,-2
120,129,9,-2
110,107,-3,-1
5,4,-1,0
0,0,0,0
0,0,0,0
0,0,0,0
0,0,0,0
0,0,0,0
0,0,0,0
0,0,0,0
0,0,0,0
0,0,0,0
0,0,0,0
0,0,0,0
9,8,-1,0
35,36,1,0
90,90,0,0
142,147,5,0
166,171,5,2
193,188,-5,3
203,199,-4,4
239,270,31,4
344,358,14,5
392,391,-1,4
406,406,0,4
416,415,-1,3
415,414,-1,2
403,404,1,1
404,398,-6,0
390,385,-5,-2
367,356,-11,-3
327,319,-8,-3
266,259,-7,-3
190,192,2,-3
162,161,-1,-4
127,132,5,-5
121,111,-10,-4
48,32,-16,-4
0,0,0,-3
0,0,0,-2
0,0,0,-2
0,0,0,-2
0,0,0,-2
0,0,0,-1
0,0,0,0
0,0,0,0
0,0,0,0
0,0,0,0
0,0,0,0
10,9,-1,1
34,36,2,1
77,88,11,2
137,143,6,2
171,178,7,3
192,192,0,4
205,198,-7,5
235,257,22,5
340,354,14,5
396,395,-1,3
408,405,-3,3
418,416,-2,2
421,418,-3,1
406,407,1,0
403,397,-6,0
397,388,-9,-3
371,362,-9,-4
330,326,-4,-4
273,265,-8,-4
203,198,-5,-4
158,160,2,-5
138,135,-3,-6
116,114,-2,-5
76,49,-27,-5
0,0,0,-4
0,0,0,-3
0,0,0,-3
0,0,0,-3
0,0,0,-2
0,0,0,-2
0,0,0,-1
0,0,0,0
0,0,0,0
0,0,0,0
0,0,0,0
6,8,2,1
28,31,3,2
69,74,5,2
121,136,15,3
162,171,9,4
193,186,-7,4
196,198,2,5
216,229,13,5
324,337,13,5
388,391,3,4
403,403,0,2
417,414,-3,1
424,419,-5,0
420,409,-11,0
402,400,-2,-1
397,395,-2,-3
374,368,-6,-4
339,331,-8,-4
292,279,-13,-4
208,210,2,-3
163,171,8,-4
139,140,1,-4
119,115,-4,-4
106,81,-25,-4
0,0,0,-3
0,0,0,-2
0,0,0,-2
0,0,0,-2
0,0,0,-2
0,0,0,-2
0,0,0,-1
0,0,0,0
0,0,0,0
0,0,0,0
0,0,0,1
0,1,1,2
20,25,5,3
51,61,10,3
113,125,12,3
157,169,12,3
192,185,-7,4
199,199,0,4
214,213,-1,5
313,328,15,4
381,387,6,3
402,403,1,1
419,416,-3,0
423,419,-4,0
427,414,-13,0
406,403,-3,-1
400,396,-4,-2
379,377,-2,-4
347,337,-10,-4
299,294,-5,-4
225,220,-5,-3
168,174,6,-3
150,148,-2,-2
126,127,1,-2
101,96,-5,-1
0,0,0,-1
0,0,0,0
0,0,0,0
0,0,0,0
0,0,0,0
0,0,0,0
0,0,0,0
0,0,0,0
0,0,0,0
0,0,0,0
0,0,0,1
0,0,0,2
15,22,7,3
52,62,10,4
108,125,17,4
158,166,8,4
182,182,0,5
197,196,-1,6
206,209,3,6
313,329,16,6
382,388,6,5
399,401,2,3
418,416,-2,1
421,419,-2,0
429,417,-12,0
407,403,-4,0
396,396,0,-2
381,374,-7,-4
349,343,-6,-4
312,300,-12,-4
229,222,-7,-4
170,178,8,-3
144,143,-1,-2
115,121,6,-1
101,103,2,0
0,0,0,0
0,0,0,0
0,0,0,1
0,0,0,1
0,0,0,0
0,0,0,0
0,0,0,0
0,0,0,0
0,0,0,0
0,0,0,0
0,0,0,0
0,0,0,1
18,24,6,2
49,52,3,3
101,120,19,3
162,168,6,3
188,184,-4,3
190,197,7,4
215,208,-7,4
311,323,12,4
380,386,6,3
399,401,2,2
419,416,-3,0
425,421,-4,0
430,421,-9,0
407,404,-3,-1
403,396,-7,-2
382,380,-2,-2
351,344,-7,-2
302,302,0,-2
222,229,7,-2
178,178,0,-2
147,146,-1,-2
133,124,-9,-2
113,106,-7,-1
1,0,-1,-1
0,0,0,-1
0,0,0,-1
0,0,0,-1
0,0,0,-1
0,0,0,-1
0,0,0,0
0,0,0,0
0,0,0,0
0,0,0,0
0,0,0,0
0,0,0,2
14,20,6,2
45,54,9,3
106,120,14,3
165,168,3,3
185,186,1,3
201,196,-5,4
212,209,-3,4
312,324,12,4
377,385,8,3
401,403,2,1
419,417,-2,1
421,420,-1,0
427,421,-6,0
402,403,1,0
400,395,-5,-1
390,381,-9,-3
353,346,-7,-3
305,298,-7,-3
230,227,-3,-3
179,180,1,-3
143,147,4,-2
132,127,-5,-2
100,107,7,-1
0,0,0,0
0,0,0,0
0,0,0,0
0,0,0,0
0,0,0,0
0,0,0,0
0,0,0,0
0,0,0,0
0,0,0,0
0,0,0,0
0,0,0,1
0,0,0,2
15,19,4,2
37,52,15,3
110,119,9,3
166,163,-3,2
181,190,9,3
206,199,-7,4
210,211,1,4
307,318,11,4
378,385,7,3
398,401,3,2
417,415,-2,1
423,421,-2,0
430,426,-4,0
403,403,0,0
407,397,-10,-1
381,380,-1,-2
350,344,-6,-2
306,304,-2,-2
233,234,1,-1
173,178,5,0
148,152,4,0
122,129,7,0
108,105,-3,0
0,0,0,0
0,0,0,1
0,0,0,1
0,0,0,0
0,0,0,0
0,0,0,0
0,0,0,0
0,0,0,0
0,0,0,0
0,0,0,0
0,0,0,1
0,0,0,2
15,21,6,2
47,57,10,3
102,121,19,3
169,167,-2,3
187,184,-3,4
192,197,5,5
208,208,0,5
305,322,17,5
379,387,8,4
401,402,1,2
419,418,-1,1
424,421,-3,1
432,422,-10,0
406,406,0,0
401,399,-2,-1
386,381,-5,-3
352,349,-3,-3
314,302,-12,-3
236,230,-6,-2
176,182,6,-2
143,149,6,-1
129,131,2,-1
115,108,-7,-1
0,0,0,0
0,0,0,0
0,0,0,0
0,0,0,0
0,0,0,0
0,0,0,0
0,0,0,0
0,0,0,0
0,0,0,0
0,0,0,0
0,0,0,0
0,0,0,1
11,17,6,2
44,51,7,3
106,117,11,3
154,162,8,3
182,184,2,3
200,199,-1,4
215,211,-4,4
305,317,12,4
372,383,11,3
398,399,1,2
419,417,-2,1
426,421,-5,0
432,427,-5,0
411,404,-7,-1
404,398,-6,-2
390,381,-9,-3
351,347,-4,-4
314,309,-5,-4
237,234,-3,-3
173,182,9,-3
152,146,-6,-3
126,126,0,-2
112,107,-5,-1
3,0,-3,-1
0,0,0,-1
0,0,0,0
0,0,0,0
0,0,0,-1
0,0,0,0
0,0,0,0
0,0,0,0
0,0,0,0
0,0,0,0
0,0,0,0
0,0,0,1
17,18,1,2
46,51,5,2
95,109,14,3
153,160,7,3
174,182,8,3
201,199,-2,4
207,205,-2,4
304,313,9,4
369,379,10,4
396,397,1,3
416,415,-1,1
424,419,-5,0
430,427,-3,0
415,409,-6,0
406,401,-5,-1
386,382,-4,-2
352,350,-2,-3
315,310,-5,-3
241,238,-3,-3
186,186,0,-3
154,153,-1,-2
139,130,-9,-2
108,109,1,-2
1,3,2,-1
0,0,0,-1
0,0,0,0
0,0,0,0
0,0,0,0
0,0,0,0
0,0,0,0
0,0,0,0
0,0,0,0
0,0,0,0
0,0,0,0
0,0,0,0
13,13,0,1
46,48,2,1
99,106,7,1
151,159,8,1
182,184,2,1
204,196,-8,2
212,206,-6,2
295,311,16,3
367,377,10,3
392,394,2,2
413,414,1,2
420,419,-1,1
422,425,3,0
408,404,-4,0
408,399,-9,0
389,384,-5,-2
356,353,-3,-3
315,312,-3,-3
260,243,-17,-4
183,188,5,-4
154,152,-2,-4
136,130,-6,-4
119,112,-7,-3
4,6,2,-2
0,0,0,-2
0,0,0,-1
0,0,0,0
0,0,0,-1
0,0,0,0
0,0,0,0
0,0,0,0
0,0,0,0
0,0,0,0
0,0,0,0
0,0,0,0
11,11,0,0
46,41,-5,0
95,107,12,1
154,158,4,1
184,180,-4,1
192,197,5,2
207,203,-4,3
293,307,14,3
365,375,10,3
394,396,2,3
414,413,-1,2
423,419,-4,1
424,425,1,0
414,408,-6,0
408,401,-7,-1
391,386,-5,-3
361,352,-9,-4
323,315,-8,-5
257,251,-6,-5
198,188,-10,-5
162,156,-6,-5
134,133,-1,-5
116,116,0,-4
18,14,-4,-3
0,0,0,-3
0,0,0,-2
0,0,0,-1
0,0,0,0
0,0,0,0
0,0,0,0
0,0,0,0
0,0,0,0
0,0,0,0
0,0,0,0
0,0,0,1
11,14,3,2
42,47,5,3
96,109,13,3
146,160,14,4
183,184,1,5
201,198,-3,5
199,207,8,6
294,308,14,6
369,378,9,5
399,400,1,5
414,413,-1,3
420,420,0,2
424,425,1,1
409,404,-5,1
404,401,-3,0
395,387,-8,-2
353,353,0,-4
322,312,-10,-4
256,246,-10,-4
197,184,-13,-4
152,152,0,-4
124,129,5,-4
112,110,-2,-3
14,10,-4,-3
0,0,0,-2
0,0,0,-1
0,0,0,0
0,0,0,0
0,0,0,0
0,0,0,0
0,0,0,0
0,0,0,0
0,0,0,0
0,0,0,0
0,0,0,1
13,15,2,2
37,46,9,3
92,107,15,3
150,161,11,4
184,182,-2,4
201,200,-1,5
201,207,6,5
303,311,8,5
367,376,9,4
395,395,0,3
415,413,-2,2
422,419,-3,1
426,428,2,0
411,408,-3,0
406,399,-7,-1
393,383,-10,-2
356,352,-4,-3
321,315,-6,-2
247,247,0,-2
187,188,1,-1
141,153,12,-1
130,134,4,0
113,111,-2,0
5,8,3,1
0,0,0,1
0,0,0,1
0,0,0,1
0,0,0,1
0,0,0,0
0,0,0,0
0,0,0,0
0,0,0,0
0,0,0,0
0,0,0,0
0,0,0,0
15,14,-1,2
40,42,2,2
87,102,15,2
143,157,14,2
184,181,-3,3
196,196,0,4
212,208,-4,5
284,307,23,5
365,373,8,5
397,396,-1,3
413,413,0,2
422,419,-3,1
424,425,1,0
414,408,-6,0
411,404,-7,-1
395,390,-5,-3
362,354,-8,-3
324,317,-7,-4
256,254,-2,-4
189,188,-1,-4
164,160,-4,-5
144,136,-8,-5
122,115,-7,-4
24,17,-7,-4
0,0,0,-3
0,0,0,-2
0,0,0,-2
0,0,0,-2
0,0,0,-1
0,0,0,0
0,0,0,0
0,0,0,0
0,0,0,0
0,0,0,0
0,0,0,0
10,10,0,1
47,43,-4,2
89,102,13,2
148,156,8,2
165,180,15,2
204,195,-9,4
214,206,-8,4
285,306,21,5
365,375,10,4
396,397,1,3
415,415,0,2
425,421,-4,1
425,426,1,0
415,408,-7,0
409,404,-5,0
391,387,-4,-2
360,356,-4,-3
329,320,-9,-3
256,256,0,-3
188,193,5,-3
161,156,-5,-3
134,137,3,-3
127,116,-11,-2
18,13,-5,-2
0,0,0,-1
0,0,0,-1
0,0,0,-1
0,0,0,-1
0,0,0,-1
0,0,0,0
0,0,0,0
0,0,0,0
0,0,0,0
0,0,0,0
0,0,0,0
14,15,1,0
43,45,2,0
97,106,9,0
158,157,-1,0
187,182,-5,1
200,200,0,2
215,209,-6,2
291,311,20,2
367,375,8,2
397,399,2,1
414,414,0,1
424,420,-4,0
430,429,-1,0
418,410,-8,0
413,406,-7,-1
392,391,-1,-3
361,353,-8,-3
322,320,-2,-3
260,250,-10,-3
192,196,4,-3
155,157,2,-3
131,136,5,-2
126,114,-12,-2
13,11,-2,-2
0,0,0,-1
0,0,0,-1
0,0,0,0
0,0,0,0
0,0,0,0
0,0,0,0
0,0,0,0
0,0,0,0
0,0,0,0
0,0,0,0
0,0,0,1
10,11,1,2
42,47,5,2
91,107,16,3
145,159,14,3
186,178,-8,3
194,199,5,4
206,207,1,5
301,308,7,4
364,373,9,4
396,397,1,3
418,416,-2,1
424,422,-2,0
428,428,0,0
415,404,-11,-1
411,402,-9,-2
393,386,-7,-4
360,356,-4,-5
321,319,-2,-5
266,248,-18,-4
187,189,2,-4
149,153,4,-2
127,133,6,-2
110,113,3,-1
12,11,-1,0
0,0,0,0
0,0,0,0
0,0,0,1
0,0,0,0
0,0,0,0
0,0,0,0
0,0,0,0
0,0,0,0
0,0,0,0
0,0,0,1
0,0,0,2
13,17,4,3
31,49,18,4
96,109,13,4
151,158,7,3
184,181,-3,4
204,199,-5,5
206,208,2,5
299,308,9,4
368,377,9,3
396,397,1,1
418,416,-2,0
427,422,-5,0
431,428,-3,-1
415,406,-9,-1
408,400,-8,-3
391,386,-5,-4
360,351,-9,-6
318,314,-4,-6
258,241,-17,-6
189,186,-3,-6
158,151,-7,-5
129,128,-1,-5
113,113,0,-4
6,7,1,-3
0,0,0,-2
0,0,0,-1
0,0,0,0
0,0,0,0
0,0,0,0
0,0,0,0
0,0,0,0
0,0,0,0
0,0,0,0
0,0,0,0
0,0,0,0
10,9,-1,0
41,39,-2,0
83,94,11,1
147,144,-3,1
173,181,8,2
190,193,3,4
211,201,-10,4
253,283,30,5
346,359,13,5
391,391,0,4
406,408,2,4
418,416,-2,4
420,419,-1,3
409,408,-1,2
404,405,1,1
396,390,-6,-1
363,357,-6,-2
326,319,-7,-2
262,259,-3,-2
198,195,-3,-2
154,156,2,-3
127,130,3,-3
116,117,1,-3
48,23,-25,-3
0,0,0,-3
0,0,0,-2
0,0,0,-2
0,0,0,-2
0,0,0,-2
0,0,0,-1
0,0,0,-1
0,0,0,0
0,0,0,0
0,0,0,0
0,0,0,0
9,8,-1,1
31,37,6,2
78,86,8,2
131,141,10,2
167,171,4,3
195,189,-6,4
203,202,-1,5
237,262,25,5
335,347,12,5
389,390,1,4
407,407,0,3
417,415,-2,3
420,416,-4,2
407,408,1,1
403,400,-3,0
398,389,-9,-3
375,364,-11,-4
330,326,-4,-4
277,268,-9,-3
201,200,-1,-4
154,159,5,-4
128,131,3,-5
122,112,-10,-4
59,39,-20,-4
0,0,0,-3
0,0,0,-2
0,0,0,-2
0,0,0,-2
0,0,0,-2
0,0,0,-2
0,0,0,-1
0,0,0,0
0,0,0,0
0,0,0,0
0,0,0,1
4,8,4,1
24,28,4,2
66,75,9,2
124,132,8,3
162,167,5,4
189,188,-1,4
196,196,0,5
216,234,18,5
332,339,7,5
386,389,3,3
406,405,-1,2
420,417,-3,1
424,419,-5,0
420,409,-11,0
399,398,-1,-2
394,390,-4,-4
374,368,-6,-6
341,328,-13,-6
292,276,-16,-6
213,207,-6,-6
170,163,-7,-6
131,137,6,-6
124,121,-3,-5
82,67,-15,-5
0,0,0,-4
0,0,0,-3
0,0,0,-2
0,0,0,-1
0,0,0,-1
0,0,0,-1
0,0,0,0
0,0,0,0
0,0,0,0
0,0,0,0
0,0,0,0
0,0,0,1
17,23,6,1
54,60,6,2
119,119,0,2
155,161,6,2
168,182,14,3
206,196,-10,4
210,214,4,4
316,331,15,4
381,387,6,3
403,402,-1,2
417,414,-3,1
423,417,-6,0
426,418,-8,-1
403,401,-2,-2
400,395,-5,-4
379,372,-7,-6
352,338,-14,-7
308,292,-16,-6
230,218,-12,-5
171,174,3,-5
132,142,10,-5
115,121,6,-5
107,85,-22,-4
0,0,0,-3
0,0,0,-1
0,0,0,-1
0,0,0,0
0,0,0,-1
0,0,0,-1
0,0,0,-1
0,0,0,0
0,0,0,0
0,0,0,0
0,0,0,0
0,0,0,1
13,18,5,2
44,51,7,3
103,118,15,4
151,159,8,5
173,182,9,6
190,194,4,7
206,208,2,7
297,316,19,7
373,381,8,7
396,399,3,5
412,413,1,4
418,416,-2,2
425,421,-4,1
403,398,-5,0
405,397,-8,-1
384,379,-5,-3
350,345,-5,-4
306,299,-7,-5
236,226,-10,-5
177,177,0,-5
151,144,-7,-5
123,122,-1,-4
112,104,-8,-4
0,0,0,-3
0,0,0,-2
0,0,0,-2
0,0,0,-1
0,0,0,-1
0,0,0,0
0,0,0,0
0,0,0,0
0,0,0,0
0,0,0,0
0,0,0,0
0,0,0,1
9,15,6,1
43,47,4,2
101,109,8,2
157,158,1,2
174,180,6,3
191,194,3,4
205,205,0,4
306,312,6,4
367,378,11,3
398,399,1,2
419,417,-2,1
424,421,-3,1
429,426,-3,0
403,403,0,0
401,396,-5,0
383,380,-3,-2
357,351,-6,-2
310,308,-2,-2
240,233,-7,-2
182,181,-1,-1
141,150,9,-1
125,124,-1,-1
106,107,1,-1
4,0,-4,0
0,0,0,0
0,0,0,0
0,0,0,0
0,0,0,0
0,0,0,0
0,0,0,0
0,0,0,0
0,0,0,0
0,0,0,0
0,0,0,0
0,0,0,0
12,15,3,1
36,44,8,2
105,105,0,2
152,160,8,2
176,182,6,2
191,192,1,3
212,206,-6,3
307,311,4,3
370,381,11,3
397,399,2,2
415,416,1,1
424,421,-3,1
432,432,0,0
415,411,-4,0
407,403,-4,-1
397,388,-9,-2
359,354,-5,-3
318,316,-2,-4
252,242,-10,-4
192,192,0,-4
162,155,-7,-4
135,134,-1,-4
122,117,-5,-3
5,3,-2,-3
0,0,0,-2
0,0,0,-2
0,0,0,-1
0,0,0,-1
0,0,0,0
0,0,0,0
0,0,0,0
0,0,0,0
0,0,0,0
0,0,0,0
0,0,0,1
13,14,1,2
45,47,2,4
85,112,27,4
149,158,9,4
176,186,10,5
208,198,-10,6
207,211,4,6
302,315,13,6
375,385,10,6
404,406,2,4
425,425,0,2
433,432,-1,1
435,434,-1,0
426,416,-10,0
423,413,-10,-2
409,398,-11,-3
364,364,0,-4
332,328,-4,-5
261,254,-7,-6
203,197,-6,-6
175,168,-7,-6
145,138,-7,-5
127,125,-2,-4
23,18,-5,-3
0,0,0,-3
0,0,0,-2
0,0,0,-2
0,0,0,-1
0,0,0,-1
0,0,0,0
0,0,0,0
0,0,0,0
0,0,0,0
0,0,0,0
0,0,0,1
13,19,6,1
45,47,2,2
106,113,7,2
161,166,5,3
181,185,4,4
195,203,8,4
211,215,4,5
312,320,8,4
381,389,8,4
407,408,1,3
426,423,-3,2
436,432,-4,1
445,439,-6,0
423,417,-6,-1
412,412,0,-2
403,398,-5,-3
368,362,-6,-3
328,323,-5,-3
256,250,-6,-3
191,197,6,-3
169,166,-3,-3
149,142,-7,-3
122,122,0,-2
13,10,-3,-1
0,0,0,-1
0,0,0,-1
0,0,0,0
0,0,0,-1
0,0,0,0
0,0,0,0
0,0,0,0
0,0,0,0
0,0,0,0
0,0,0,0
0,1,1,1
18,24,6,2
53,59,6,2
112,121,9,2
159,169,10,3
193,186,-7,3
201,203,2,4
212,213,1,5
309,327,18,4
382,390,8,4
407,409,2,3
426,425,-1,2
431,429,-2,1
439,431,-8,0
420,414,-6,0
415,409,-6,-2
398,392,-6,-4
363,360,-3,-5
324,314,-10,-6
250,237,-13,-6
194,192,-2,-5
169,162,-7,-5
140,144,4,-4
124,119,-5,-3
0,0,0,-3
0,0,0,-2
0,0,0,-1
0,0,0,0
0,0,0,0
0,0,0,0
0,0,0,0
0,0,0,0
0,0,0,0
0,0,0,0
0,0,0,0
0,0,0,1
16,22,6,2
54,55,1,2
104,121,17,2
166,167,1,2
189,189,0,2
203,199,-4,3
216,215,-1,3
312,325,13,3
384,392,8,3
407,410,3,2
427,424,-3,1
433,430,-3,0
439,435,-4,0
418,416,-2,0
414,408,-6,-1
393,390,-3,-3
361,358,-3,-4
324,317,-7,-4
254,242,-12,-4
195,190,-5,-4
161,164,3,-4
144,141,-3,-4
121,113,-8,-4
12,5,-7,-4
0,0,0,-3
0,0,0,-2
0,0,0,-2
0,0,0,-1
0,0,0,-1
0,0,0,0
0,0,0,0
0,0,0,0
0,0,0,0
0,0,0,0
0,0,0,2
20,24,4,2
49,58,9,3
106,123,17,3
168,166,-2,3
187,191,4,4
205,204,-1,5
211,212,1,5
310,328,18,5
387,392,5,4
406,408,2,2
427,424,-3,1
434,429,-5,0
441,430,-11,0
416,412,-4,-2
414,408,-6,-3
399,391,-8,-5
362,354,-8,-7
316,306,-10,-7
247,235,-12,-8
196,186,-10,-8
167,159,-8,-7
