0,0,0,1
10,10,0,2
32,34,2,4
93,110,17,6
200,222,22,9
329,347,18,11
447,471,24,12
560,580,20,13
633,654,21,14
692,696,4,15
736,729,-7,14
819,845,26,12
923,934,11,9
954,949,-5,5
960,953,-7,1
951,942,-9,-1
929,909,-20,-5
876,861,-15,-7
814,794,-20,-9
694,676,-18,-11
554,543,-11,-12
413,400,-13,-11
257,256,-1,-10
156,151,-5,-8
76,77,1,-6
18,25,7,-4
0,0,0,-2
0,0,0,-1
0,0,0,0
0,0,0,0
0,0,0,0
0,0,0,0
0,0,0,0
0,0,0,0
0,0,0,1
9,13,4,2
28,30,2,4
90,104,14,7
191,213,22,9
319,342,23,10
443,464,21,12
562,579,17,12
639,648,9,13
686,695,9,13
728,725,-3,12
774,792,18,10
897,906,9,7
949,946,-3,4
957,949,-8,1
955,946,-9,0
939,925,-14,-3
892,883,-9,-6
851,842,-9,-8
766,742,-24,-10
637,618,-19,-10
488,479,-9,-9
342,339,-3,-7
201,211,10,-6
114,120,6,-4
45,52,7,-2
2,3,1,-1
0,0,0,0
0,0,0,1
0,0,0,2
0,0,0,1
0,0,0,0
0,0,0,0
0,0,0,0
0,0,0,0
0,0,0,1
17,17,0,3
37,44,7,5
119,136,17,7
235,259,24,9
358,382,24,11
489,507,18,12
591,606,15,13
657,670,13,14
699,703,4,14
734,739,5,13
831,852,21,11
919,928,9,8
952,947,-5,4
957,950,-7,2
954,943,-11,0
932,920,-12,-3
874,869,-5,-4
836,819,-17,-6
724,707,-17,-9
583,575,-8,-9
446,437,-9,-7
296,294,-2,-5
171,173,2,-4
77,96,19,-2
32,38,6,-1
0,0,0,0
0,0,0,1
0,0,0,2
0,0,0,2
0,0,0,2
0,0,0,1
0,0,0,0
0,0,0,0
0,0,0,1
2,6,4,2
20,22,2,4
47,61,14,6
138,156,18,9
259,280,21,11
377,399,22,13
503,528,25,14
598,622,24,14
667,673,6,15
708,708,0,15
729,742,13,13
852,865,13,11
928,934,6,8
946,942,-4,5
954,948,-6,1
945,935,-10,-1
916,909,-7,-4
869,854,-15,-6
821,794,-27,-9
697,678,-19,-11
561,548,-13,-11
414,407,-7,-10
268,259,-9,-8
149,156,7,-7
66,77,11,-5
19,23,4,-3
0,0,0,-1
0,0,0,0
0,0,0,1
0,0,0,1
0,0,0,1
0,0,0,0
0,0,0,0
0,0,0,0
0,0,0,0
11,9,-2,2
25,29,4,4
75,88,13,7
168,188,20,9
290,315,25,11
406,437,31,13
539,555,16,13
622,637,15,15
674,683,9,16
714,715,1,16
737,763,26,14
876,890,14,12
940,941,1,8
946,943,-3,4
948,941,-7,1
936,924,-12,-1
905,886,-19,-5
859,842,-17,-7
784,766,-18,-11
665,644,-21,-12
515,502,-13,-12
371,356,-15,-11
224,222,-2,-9
113,124,11,-7
47,53,6,-5
0,5,5,-3
0,0,0,-1
0,0,0,0
0,0,0,1
0,0,0,1
0,0,0,1
0,0,0,0
0,0,0,0
0,0,0,0
0,0,0,1
10,14,4,3
30,33,3,5
98,115,17,7
204,228,24,9
328,353,25,11
459,474,15,12
566,584,18,12
642,648,6,14
686,693,7,14
720,726,6,14
782,810,28,12
897,908,11,9
945,941,-4,5
950,943,-7,3
948,940,-8,0
930,918,-12,-1
884,870,-14,-4
843,833,-10,-6
744,729,-15,-8
614,596,-18,-9
471,461,-10,-7
314,321,7,-6
189,191,2,-5
93,106,13,-4
41,37,-4,-2
0,0,0,-1
0,0,0,0
0,0,0,1
0,0,0,1
0,0,0,0
0,0,0,0
0,0,0,0
0,0,0,0
0,0,0,0
0,0,0,1
14,16,2,3
33,41,8,6
113,132,19,8
228,256,28,11
359,379,20,12
480,503,23,13
581,603,22,14
649,660,11,15
694,697,3,15
726,731,5,14
821,844,23,12
909,919,10,9
940,936,-4,6
948,941,-7,3
941,934,-7,0
920,910,-10,-3
871,859,-12,-5
830,809,-21,-7
716,696,-20,-10
583,566,-17,-10
433,429,-4,-9
289,279,-10,-7
153,162,9,-6
74,84,10,-4
18,27,9,-2
0,0,0,0
0,0,0,0
0,0,0,1
0,0,0,2
0,0,0,2
0,0,0,1
0,0,0,0
0,0,0,0
0,0,0,1
0,6,6,2
17,20,3,4
47,58,11,6
134,152,18,9
254,277,23,11
373,393,20,12
495,522,27,13
603,616,13,13
660,670,10,13
702,704,2,13
731,732,1,12
840,855,15,9
918,924,6,6
939,934,-5,3
944,937,-7,0
937,927,-10,-3
916,901,-15,-5
866,850,-16,-7
815,792,-23,-9
693,679,-14,-10
552,546,-6,-10
417,410,-7,-8
263,261,-2,-7
145,148,3,-5
58,73,15,-3
18,16,-2,-2
0,0,0,0
0,0,0,0
0,0,0,1
0,0,0,1
0,0,0,1
0,0,0,0
0,0,0,0
0,0,0,0
0,0,0,0
9,9,0,2
24,25,1,4
64,79,15,7
155,175,20,9
277,300,23,11
389,419,30,13
522,546,24,15
613,629,16,15
664,676,12,16
705,711,6,16
735,743,8,14
861,875,14,11
927,933,6,8
941,937,-4,4
946,938,-8,0
936,926,-10,-2
911,890,-21,-5
860,844,-16,-8
788,770,-18,-10
671,648,-23,-12
528,513,-15,-11
389,377,-12,-9
229,240,11,-7
124,137,13,-5
41,55,14,-3
6,4,-2,-1
0,0,0,0
0,0,0,2
0,0,0,2
0,0,0,2
0,0,0,1
0,0,0,0
0,0,0,0
0,0,0,0
0,0,0,1
10,12,2,3
26,32,6,5
84,104,20,8
193,216,23,11
319,338,19,13
436,468,32,14
552,579,27,16
641,649,8,16
686,693,7,17
714,725,11,16
773,794,21,14
890,902,12,11
942,939,-3,7
949,943,-6,4
951,943,-8,1
932,920,-12,-1
880,874,-6,-5
851,834,-17,-8
763,738,-25,-10
635,612,-23,-11
491,479,-12,-10
334,335,1,-8
203,206,3,-6
111,114,3,-4
28,48,20,-2
0,5,5,0
0,0,0,1
0,0,0,2
0,0,0,3
0,0,0,2
0,0,0,2
0,0,0,1
0,0,0,0
0,0,0,0
0,0,0,2
10,17,7,3
34,40,6,6
117,135,18,8
234,257,23,10
355,377,22,12
485,501,16,12
579,604,25,13
656,662,6,14
703,705,2,14
725,732,7,13
823,847,24,11
916,924,8,8
948,942,-6,4
954,946,-8,2
947,937,-10,-1
926,915,-11,-3
877,865,-12,-5
836,815,-21,-7
718,705,-13,-9
586,576,-10,-9
442,434,-8,-9
289,290,1,-7
174,173,-1,-6
86,89,3,-5
30,31,1,-3
0,0,0,-1
0,0,0,0
0,0,0,0
0,0,0,0
0,0,0,0
0,0,0,0
0,0,0,0
0,0,0,0
0,0,0,1
3,8,5,2
20,20,0,4
52,65,13,6
140,159,19,9
262,283,21,11
384,404,20,13
496,534,38,15
608,623,15,15
666,676,10,15
704,710,6,16
737,743,6,14
854,872,18,11
931,935,4,8
947,944,-3,4
953,945,-8,1
948,937,-11,-2
926,910,-16,-4
872,857,-15,-7
815,793,-22,-8
685,676,-9,-10
550,540,-10,-9
415,410,-5,-7
261,261,0,-6
144,157,13,-4
71,83,12,-2
29,25,-4,-1
2,0,-2,0
0,0,0,1
0,0,0,1
0,0,0,1
0,0,0,1
0,0,0,0
0,0,0,0
0,0,0,0
0,0,0,1
10,10,0,2
30,33,3,4
89,104,15,6
187,209,22,9
316,335,19,12
441,465,24,13
554,581,27,15
627,652,25,16
690,694,4,16
721,730,9,16
771,785,14,14
892,904,12,11
946,945,-1,8
952,947,-5,4
957,948,-9,0
940,927,-13,-3
900,886,-14,-6
856,843,-13,-8
782,754,-28,-11
645,631,-14,-11
507,492,-15,-10
360,351,-9,-9
205,221,16,-7
122,126,4,-5
55,58,3,-4
7,7,0,-2
0,0,0,0
0,0,0,0
0,0,0,1
0,0,0,1
0,0,0,0
0,0,0,0
0,0,0,0
0,0,0,0
0,0,0,1
18,19,1,3
35,39,4,5
110,127,17,8
227,250,23,10
344,374,30,12
477,497,20,13
579,603,24,13
655,662,7,15
705,707,2,15
732,739,7,14
824,843,19,11
918,926,8,8
953,948,-5,5
958,952,-6,2
955,946,-9,-1
935,924,-11,-3
885,874,-11,-5
847,826,-21,-8
733,717,-16,-10
602,588,-14,-10
460,454,-6,-9
316,308,-8,-8
185,183,-2,-6
94,106,12,-5
33,40,7,-3
0,0,0,-1
0,0,0,0
0,0,0,0
0,0,0,1
0,0,0,1
0,0,0,1
0,0,0,0
0,0,0,0
0,0,0,1
3,9,6,2
19,22,3,4
52,65,13,7
142,160,18,9
262,286,24,11
384,405,21,13
510,534,24,13
603,620,17,13
671,675,4,13
709,714,5,12
747,740,-7,11
851,866,15,8
932,937,5,6
948,945,-3,2
954,948,-6,0
944,936,-8,-3
925,913,-12,-6
874,856,-18,-8
822,797,-25,-10
700,680,-20,-11
560,548,-12,-11
427,415,-12,-10
274,271,-3,-9
148,162,14,-7
74,85,11,-5
33,28,-5,-3
0,0,0,-1
0,0,0,0
0,0,0,1
0,0,0,1
0,0,0,1
0,0,0,0
0,0,0,0
0,0,0,0
0,0,0,1
7,8,1,2
25,28,3,4
71,86,15,7
163,184,21,10
285,311,26,12
403,427,24,13
531,556,25,15
618,635,17,15
671,679,8,15
711,718,7,15
752,752,0,13
871,888,17,10
939,941,2,7
949,945,-4,2
952,944,-8,0
941,929,-12,-3
913,892,-21,-7
858,844,-14,-9
791,767,-24,-11
668,648,-20,-13
522,509,-13,-13
387,368,-19,-12
231,231,0,-11
121,133,12,-9
53,56,3,-7
16,6,-10,-5
0,0,0,-3
0,0,0,-1
0,0,0,0
0,0,0,0
0,0,0,0
0,0,0,0
0,0,0,0
0,0,0,0
0,0,0,1
11,14,3,3
31,35,4,4
94,109,15,7
198,219,21,10
326,346,20,11
445,472,27,12
552,583,31,14
647,648,1,15
688,691,3,16
710,726,16,16
776,801,25,14
892,905,13,11
941,941,0,8
949,943,-6,5
948,939,-9,1
927,918,-9,0
883,872,-11,-3
847,833,-14,-7
755,733,-22,-10
626,605,-21,-11
477,466,-11,-11
337,325,-12,-11
190,192,2,-10
108,101,-7,-9
36,33,-3,-8
5,0,-5,-6
0,0,0,-4
0,0,0,-2
0,0,0,-2
0,0,0,-1
0,0,0,-1
0,0,0,0
0,0,0,0
0,0,0,0
0,0,0,2
13,17,4,4
36,48,12,6
120,137,17,8
239,263,24,11
365,383,18,12
478,505,27,13
583,607,24,14
663,662,-1,15
698,703,5,15
719,732,13,14
829,849,20,12
913,922,9,9
941,937,-4,6
947,942,-5,3
940,932,-8,0
921,909,-12,-2
870,860,-10,-4
823,805,-18,-7
710,693,-17,-10
573,559,-14,-10
433,421,-12,-10
287,277,-10,-9
157,159,2,-8
80,79,-1,-7
28,31,3,-5
0,0,0,-3
0,0,0,-2
0,0,0,-1
0,0,0,0
0,0,0,0
0,0,0,0
0,0,0,0
0,0,0,0
0,0,0,1
4,9,5,2
20,22,2,4
57,69,12,6
146,165,19,9
267,288,21,11
384,407,23,12
500,533,33,14
616,624,8,14
668,673,5,14
706,715,9,14
737,739,2,12
859,873,14,10
930,936,6,7
945,942,-3,3
951,945,-6,0
943,933,-10,-2
920,908,-12,-5
869,855,-14,-7
811,786,-25,-10
687,669,-18,-11
547,533,-14,-12
413,396,-17,-12
255,256,1,-11
147,142,-5,-9
71,71,0,-8
19,20,1,-6
0,0,0,-4
0,0,0,-2
0,0,0,-1
0,0,0,0
0,0,0,0
0,0,0,0
0,0,0,0
0,0,0,0
0,0,0,1
10,10,0,2
31,33,2,4
93,109,16,6
193,215,22,9
320,345,25,10
452,468,16,11
563,582,19,12
640,653,13,14
691,695,4,14
724,730,6,13
776,795,19,11
900,912,12,9
953,950,-3,5
959,952,-7,2
960,951,-9,0
939,927,-12,-3
900,887,-13,-6
862,844,-18,-8
769,748,-21,-11
639,620,-19,-12
496,486,-10,-11
354,338,-16,-10
201,213,12,-9
119,122,3,-7
57,56,-1,-6
17,10,-7,-4
0,0,0,-2
0,0,0,-1
0,0,0,0
0,0,0,0
0,0,0,0
0,0,0,0
0,0,0,0
0,0,0,1
0,3,3,2
23,24,1,4
45,57,12,6
133,152,19,9
256,278,22,11
375,396,21,13
498,527,29,13
603,622,19,14
666,674,8,15
711,711,0,15
735,746,11,13
849,866,17,11
930,935,5,8
954,951,-3,4
963,956,-7,1
958,947,-11,-1
938,926,-12,-4
886,872,-14,-6
840,816,-24,-8
717,703,-14,-10
583,568,-15,-10
432,436,4,-9
289,286,-3,-7
176,173,-3,-6
93,95,2,-4
28,41,13,-2
6,0,-6,-1
0,0,0,0
0,0,0,0
0,0,0,0
0,0,0,0
0,0,0,0
0,0,0,0
0,0,0,0
0,0,0,1
10,10,0,2
24,31,7,5
77,91,14,7
168,189,21,10
293,317,24,12
409,437,28,13
540,564,24,13
629,640,11,14
689,688,-1,14
721,725,4,13
761,764,3,11
882,898,16,8
948,950,2,5
958,955,-3,1
965,957,-8,-1
955,941,-14,-4
921,903,-18,-6
874,859,-15,-8
802,785,-17,-9
677,661,-16,-11
540,529,-11,-11
397,390,-7,-9
248,251,3,-8
152,149,-3,-7
69,78,9,-5
31,21,-10,-3
0,0,0,-2
0,0,0,-1
0,0,0,0
0,0,0,0
0,0,0,0
0,0,0,0
0,0,0,0
0,0,0,0
0,0,0,1
15,18,3,3
36,40,4,5
108,125,17,8
226,250,24,10
350,372,22,11
474,501,27,11
590,605,15,12
665,666,1,13
711,711,0,14
739,742,3,13
812,842,30,11
921,932,11,8
959,954,-5,5
967,961,-6,2
963,955,-8,0
939,931,-8,-2
900,886,-14,-4
858,844,-14,-6
754,734,-20,-9
616,604,-12,-10
475,468,-7,-9
327,319,-8,-8
199,200,1,-6
110,120,10,-5
56,54,-2,-3
5,12,7,-1
0,0,0,0
0,0,0,0
0,0,0,1
0,0,0,1
0,0,0,1
0,0,0,0
0,0,0,0
0,0,0,1
11,12,1,3
24,32,8,5
77,91,14,8
170,190,20,10
290,319,29,13
411,439,28,14
540,560,20,15
623,647,24,15
687,691,4,16
727,728,1,15
766,772,6,13
884,903,19,10
952,954,2,7
966,960,-6,3
967,962,-5,0
956,945,-11,-3
930,910,-20,-6
878,865,-13,-8
818,790,-28,-11
687,669,-18,-13
547,533,-14,-12
410,398,-12,-12
257,258,1,-11
159,158,-1,-9
86,88,2,-7
32,32,0,-5
0,0,0,-3
0,0,0,-1
0,0,0,0
0,0,0,0
0,0,0,0
0,0,0,0
0,0,0,0
0,0,0,0
0,0,0,1
14,17,3,3
35,39,4,5
106,122,16,8
222,247,25,10
348,372,24,12
468,495,27,13
585,606,21,14
655,666,11,15
703,708,5,16
737,740,3,15
810,833,23,13
917,928,11,10
962,958,-4,6
967,961,-6,3
966,957,-9,0
946,937,-9,-2
901,891,-10,-4
863,850,-13,-6
758,742,-16,-9
626,611,-15,-10
486,475,-11,-10
347,336,-11,-10
217,211,-6,-8
118,121,3,-7
66,55,-11,-6
3,16,13,-4
0,0,0,-2
0,0,0,-1
0,0,0,0
0,0,0,0
0,0,0,0
0,0,0,0
0,0,0,1
0,0,0,1
6,12,6,2
24,26,2,4
63,76,13,7
155,174,19,10
275,298,23,12
391,421,30,15
522,549,27,16
617,636,19,17
672,691,19,18
720,725,5,18
742,758,16,16
872,887,15,14
943,950,7,10
959,955,-4,6
964,957,-7,2
956,947,-9,-1
934,917,-17,-5
892,870,-22,-8
826,802,-24,-12
702,682,-20,-14
561,545,-16,-14
430,407,-23,-13
275,271,-4,-12
159,168,9,-10
87,87,0,-9
41,37,-4,-6
0,0,0,-4
0,0,0,-2
0,0,0,-1
0,0,0,0
0,0,0,0
0,0,0,0
0,0,0,0
0,0,0,0
0,0,0,1
10,13,3,3
31,34,3,5
92,108,16,7
197,218,21,10
320,342,22,12
442,469,27,13
558,587,29,14
648,652,4,15
689,696,7,15
728,731,3,15
774,799,25,13
905,916,11,10
955,954,-1,6
965,958,-7,3
965,954,-11,0
945,933,-12,-3
904,890,-14,-6
867,850,-17,-8
779,754,-25,-11
647,628,-19,-12
503,493,-10,-10
353,351,-2,-9
221,220,-1,-7
116,133,17,-6
64,64,0,-4
14,14,0,-2
0,0,0,0
0,0,0,1
0,0,0,1
0,0,0,1
0,0,0,0
0,0,0,0
0,0,0,0
0,0,0,1
0,5,5,3
20,23,3,5
46,62,16,7
134,153,19,10
259,279,20,12
376,399,23,13
500,530,30,14
608,625,17,13
675,676,1,13
713,713,0,13
751,744,-7,11
853,871,18,8
932,939,7,6
953,950,-3,2
960,953,-7,0
956,945,-11,-3
933,920,-13,-5
884,868,-16,-7
834,814,-20,-8
706,694,-12,-10
576,563,-13,-11
438,432,-6,-10
292,284,-8,-9
168,166,-2,-7
92,96,4,-5
37,38,1,-4
0,3,3,-2
0,0,0,-1
0,0,0,0
0,0,0,0
0,0,0,0
0,0,0,0
0,0,0,0
0,0,0,0
0,0,0,0
14,12,-2,2
31,34,3,4
82,96,14,6
176,196,20,9
301,322,21,10
420,451,31,12
545,564,19,13
640,646,6,13
687,693,6,14
721,728,7,14
757,773,16,12
890,905,15,10
951,953,2,7
961,955,-6,3
963,957,-6,0
950,939,-11,-2
919,897,-22,-5
870,857,-13,-8
797,777,-20,-11
674,652,-22,-12
528,516,-12,-11
393,376,-17,-10
240,244,4,-9
132,151,19,-6
74,77,3,-4
28,27,-1,-3
0,0,0,0
0,0,0,0
0,0,0,1
0,0,0,1
0,0,0,1
0,0,0,0
0,0,0,0
0,0,0,0
0,0,0,1
17,21,4,3
39,44,5,5
116,134,18,8
236,260,24,10
357,380,23,11
487,508,21,12
595,611,16,12
660,668,8,13
716,713,-3,13
742,745,3,12
824,848,24,10
928,936,8,7
964,956,-8,3
971,964,-7,0
966,957,-9,-1
943,934,-9,-4
901,883,-18,-6
857,841,-16,-8
749,733,-16,-10
617,603,-14,-10
474,465,-9,-9
327,325,-2,-8
203,204,1,-7
120,122,2,-6
60,60,0,-4
10,8,-2,-2
0,0,0,-1
0,0,0,0
0,0,0,0
0,0,0,0
0,0,0,0
0,0,0,0
0,0,0,0
0,0,0,1
12,12,0,2
31,34,3,4
80,95,15,6
175,194,19,9
296,319,23,12
415,439,24,14
541,566,25,15
621,649,28,16
687,694,7,17
726,736,10,17
756,767,11,15
888,908,20,13
958,959,1,9
969,965,-4,5
972,965,-7,2
961,950,-11,-1
929,912,-17,-4
880,865,-15,-7
813,792,-21,-9
685,672,-13,-12
553,538,-15,-12
407,396,-11,-11
270,261,-9,-10
162,162,0,-8
83,93,10,-6
40,36,-4,-5
0,0,0,-3
0,0,0,-1
0,0,0,0
0,0,0,0
0,0,0,0
0,0,0,0
0,0,0,0
0,0,0,0
0,0,0,1
16,18,2,3
38,42,4,5
106,126,20,8
228,250,22,11
348,376,28,13
469,500,31,14
589,609,20,15
662,672,10,16
712,718,6,17
742,747,5,16
815,844,29,14
927,935,8,11
964,961,-3,6
970,964,-6,3
967,958,-9,1
947,937,-10,-1
903,892,-11,-4
861,847,-14,-6
759,742,-17,-9
623,610,-13,-10
481,475,-6,-9
341,330,-11,-8
212,210,-2,-7
127,127,0,-5
59,64,5,-4
16,19,3,-3
0,0,0,-1
0,0,0,0
0,0,0,0
0,0,0,0
0,0,0,0
0,0,0,0
0,0,0,0
0,0,0,1
12,14,2,2
30,34,4,4
80,92,12,7
172,193,21,10
293,320,27,12
414,442,28,14
540,566,26,15
635,649,14,16
682,695,13,16
734,733,-1,16
755,770,15,14
895,907,12,11
954,957,3,7
966,961,-5,3
969,962,-7,0
956,944,-12,-3
928,904,-24,-6
876,859,-17,-9
806,786,-20,-11
681,665,-16,-12
545,530,-15,-12
400,391,-9,-11
247,251,4,-10
152,154,2,-8
80,78,-2,-6
32,30,-2,-4
0,0,0,-2
0,0,0,-1
0,0,0,0
0,0,0,0
0,0,0,0
0,0,0,0
0,0,0,0
0,0,0,0
0,0,0,1
13,16,3,3
36,39,3,5
108,125,17,7
225,248,23,9
348,372,24,11
473,495,22,12
587,603,16,12
663,665,2,13
702,709,7,14
736,739,3,13
806,832,26,11
916,926,10,8
959,955,-4,4
966,959,-7,2
963,953,-10,0
943,932,-11,-2
899,887,-12,-5
859,844,-15,-7
755,738,-17,-10
623,606,-17,-11
482,467,-15,-11
335,328,-7,-10
206,206,0,-8
121,122,1,-7
53,52,-1,-5
9,11,2,-4
0,0,0,-2
0,0,0,-1
0,0,0,0
0,0,0,0
0,0,0,0
0,0,0,0
0,0,0,0
0,0,0,1
3,10,7,2
25,28,3,4
64,75,11,7
152,172,20,10
274,296,22,12
387,412,25,14
518,544,26,14
610,635,25,14
678,687,9,14
727,720,-7,14
755,753,-2,12
866,887,21,10
941,947,6,7
958,954,-4,3
963,956,-7,0
956,945,-11,-2
932,920,-12,-4
881,870,-11,-6
824,802,-22,-7
693,683,-10,-9
560,552,-8,-8
422,420,-2,-8
284,276,-8,-6
157,169,12,-5
96,88,-8,-3
25,40,15,-2
4,0,-4,0
0,0,0,0
0,0,0,0
0,0,0,0
0,0,0,0
0,0,0,0
0,0,0,0
0,0,0,0
0,0,0,0
14,13,-1,2
32,36,4,4
91,105,14,7
191,213,22,9
315,342,27,11
441,466,25,12
559,580,21,12
650,654,4,13
700,699,-1,14
732,735,3,13
776,794,18,11
899,912,13,8
957,956,-1,4
962,956,-6,1
966,957,-9,0
952,939,-13,-3
907,893,-14,-5
867,854,-13,-7
790,764,-26,-10
655,644,-11,-11
516,507,-9,-10
365,362,-3,-10
239,230,-9,-8
134,140,6,-7
75,65,-10,-5
10,23,13,-3
0,0,0,-1
0,0,0,0
0,0,0,0
0,0,0,0
0,0,0,0
0,0,0,0
0,0,0,0
0,0,0,0
0,0,0,2
21,23,2,4
43,55,12,6
127,148,21,8
251,272,21,11
376,395,19,13
496,520,24,14
598,623,25,15
656,680,24,15
715,714,-1,15
752,743,-9,13
846,866,20,11
930,938,8,8
959,954,-5,4
967,959,-8,1
962,951,-11,-2
939,929,-10,-5
889,878,-11,-7
847,824,-23,-8
729,708,-21,-11
591,574,-17,-11
440,442,2,-10
309,297,-12,-9
179,178,-1,-8
97,103,6,-6
40,45,5,-4
4,0,-4,-2
0,0,0,-1
0,0,0,0
0,0,0,0
0,0,0,0
0,0,0,0
0,0,0,0
0,0,0,0
0,0,0,1
13,14,1,2
28,32,4,4
75,89,14,7
171,190,19,10
290,315,25,12
414,441,27,14
537,566,29,15
635,641,6,16
672,692,20,16
721,726,5,16
752,760,8,14
881,901,20,12
946,949,3,9
958,955,-3,5
959,956,-3,1
951,941,-10,0
924,905,-19,-4
871,856,-15,-6
803,785,-18,-9
681,666,-15,-11
543,529,-14,-11
397,383,-14,-11
246,249,3,-9
149,150,1,-7
84,76,-8,-5
15,30,15,-3
0,0,0,-1
0,0,0,-1
0,0,0,0
0,0,0,1
0,0,0,0
0,0,0,0
0,0,0,1
0,0,0,0
0,0,0,1
9,15,6,3
34,36,2,5
100,115,15,7
215,237,22,10
338,363,25,11
461,487,26,12
583,594,11,13
655,662,7,14
697,708,11,16
728,732,4,15
787,823,36,13
911,922,11,11
954,950,-4,7
959,953,-6,4
958,949,-9,1
936,927,-9,-1
897,882,-15,-4
859,841,-18,-7
758,737,-21,-10
623,610,-13,-11
480,472,-8,-10
341,331,-10,-8
204,205,1,-7
114,120,6,-5
38,55,17,-3
3,4,1,-1
0,0,0,0
0,0,0,1
0,0,0,2
0,0,0,2
0,0,0,1
0,0,0,1
0,0,0,0
0,0,0,1
0,3,3,2
19,20,1,4
45,58,13,6
135,153,18,8
256,277,21,10
377,396,19,12
507,525,18,13
600,620,20,14
660,678,18,15
709,711,2,15
738,748,10,13
851,865,14,11
927,936,9,8
954,948,-6,5
957,950,-7,1
952,942,-10,-1
933,920,-13,-5
886,869,-17,-7
831,810,-21,-9
716,698,-18,-10
575,565,-10,-10
441,433,-8,-8
288,290,2,-6
162,174,12,-4
77,92,15,-2
33,39,6,0
1,1,0,1
0,0,0,2
0,0,0,3
0,0,0,3
0,0,0,2
0,0,0,1
0,0,0,0
0,0,0,0
0,0,0,1
7,9,2,2
25,26,1,4
63,77,14,6
154,172,18,8
277,298,21,10
403,421,18,11
521,544,23,12
620,634,14,13
679,683,4,14
707,723,16,14
748,756,8,13
869,888,19,10
942,945,3,8
954,950,-4,4
961,955,-6,1
953,942,-11,-1
930,909,-21,-5
874,863,-11,-8
820,792,-28,-10
691,675,-16,-12
556,542,-14,-12
411,403,-8,-11
266,263,-3,-10
153,151,-2,-9
79,84,5,-7
33,30,-3,-5
0,0,0,-3
0,0,0,-1
0,0,0,0
0,0,0,0
0,0,0,0
0,0,0,0
0,0,0,0
0,0,0,0
0,0,0,1
15,16,1,2
34,39,5,5
98,112,14,8
201,224,23,10
323,349,26,12
444,474,30,13
570,591,21,14
652,658,6,15
698,704,6,15
734,737,3,15
785,805,20,12
908,920,12,10
956,954,-2,6
965,959,-6,2
964,957,-7,0
945,935,-10,-1
906,892,-14,-4
858,852,-6,-6
779,759,-20,-9
648,629,-19,-10
503,492,-11,-10
364,351,-13,-9
222,224,2,-9
138,137,-1,-7
67,66,-1,-6
20,20,0,-4
0,0,0,-3
0,0,0,-1
0,0,0,0
0,0,0,0
0,0,0,0
0,0,0,0
0,0,0,0
0,0,0,1
0,9,9,3
21,24,3,5
53,65,12,7
143,161,18,9
265,289,24,12
384,405,21,14
510,535,25,14
610,631,21,14
667,683,16,14
726,721,-5,14
752,752,0,12
860,879,19,10
942,948,6,7
961,957,-4,4
968,962,-6,1
964,953,-11,-1
938,929,-9,-5
889,875,-14,-6
835,817,-18,-8
723,701,-22,-10
582,568,-14,-10
435,435,0,-9
289,284,-5,-8
173,174,1,-8
96,99,3,-6
43,45,2,-5
16,1,-15,-3
0,0,0,-2
0,0,0,-1
0,0,0,-1
0,0,0,-1
0,0,0,-1
0,0,0,0
0,0,0,0
0,0,0,0
14,16,2,2
33,34,1,4
91,104,13,7
193,216,23,10
316,343,27,11
438,466,28,13
566,583,17,14
646,658,12,15
691,705,14,15
742,736,-6,15
775,800,25,13
906,916,10,10
961,959,-2,6
968,963,-5,2
968,960,-8,0
952,940,-12,-3
914,895,-19,-6
870,858,-12,-8
794,771,-23,-11
661,648,-13,-12
528,511,-17,-10
376,368,-8,-9
242,239,-3,-7
130,150,20,-6
69,78,9,-3
33,27,-6,-2
0,0,0,0
0,0,0,0
0,0,0,1
0,0,0,1
0,0,0,1
0,0,0,0
0,0,0,0
0,0,0,0
0,2,2,2
19,20,1,4
44,56,12,6
131,149,18,8
250,276,26,11
375,396,21,12
498,520,22,13
607,624,17,14
668,673,5,14
711,723,12,14
746,749,3,13
853,869,16,10
933,941,8,8
958,954,-4,4
965,958,-7,1
959,950,-9,-1
939,930,-9,-4
896,877,-19,-6
848,825,-23,-8
727,711,-16,-10
589,580,-9,-9
452,444,-8,-9
303,299,-4,-8
170,189,19,-6
105,103,-2,-4
41,35,-6,-3
1,3,2,-1
0,0,0,0
0,0,0,0
0,0,0,0
0,0,0,0
0,0,0,0
0,0,0,0
0,0,0,0
0,0,0,0
13,13,0,2
34,33,-1,4
87,102,15,7
187,211,24,10
311,337,26,11
430,460,30,12
563,581,18,12
646,651,5,13
692,698,6,14
739,731,-8,13
767,789,22,11
902,913,11,8
956,957,1,4
964,958,-6,1
966,958,-8,-1
952,939,-13,-3
916,898,-18,-6
870,858,-12,-7
789,770,-19,-10
664,646,-18,-11
519,508,-11,-11
369,365,-4,-10
241,237,-4,-8
141,141,0,-7
73,72,-1,-4
19,30,11,-3
0,0,0,-1
0,0,0,0
0,0,0,0
0,0,0,0
0,0,0,0
0,0,0,0
0,0,0,0
0,0,0,0
0,0,0,1
21,20,-1,3
44,54,10,5
129,147,18,8
248,273,25,10
369,392,23,11
492,520,28,12
613,619,6,12
670,679,9,13
714,718,4,14
751,749,-2,12
845,870,25,10
936,944,8,7
964,958,-6,3
970,962,-8,0
966,955,-11,-1
946,933,-13,-4
891,880,-11,-6
849,830,-19,-8
735,718,-17,-10
596,582,-14,-11
456,447,-9,-10
305,303,-2,-9
188,187,-1,-8
112,110,-2,-6
46,47,1,-4
3,5,2,-3
0,0,0,-1
0,0,0,0
0,0,0,0
0,0,0,0
0,0,0,0
0,0,0,0
0,0,0,0
0,0,0,1
11,12,1,2
32,37,5,5
86,100,14,7
185,208,23,10
308,335,27,12
436,461,25,12
559,579,20,13
645,653,8,14
696,698,2,14
735,735,0,13
766,786,20,11
902,912,10,8
960,960,0,5
967,962,-5,1
969,960,-9,-1
956,943,-13,-4
925,903,-22,-6
874,861,-13,-9
798,777,-21,-11
671,652,-19,-12
528,518,-10,-12
380,375,-5,-10
251,247,-4,-8
147,149,2,-6
71,81,10,-4
29,33,4,-2
0,0,0,-1
0,0,0,0
0,0,0,1
0,0,0,1
0,0,0,1
0,0,0,0
0,0,0,0
0,0,0,0
0,0,0,1
16,19,3,3
44,52,8,6
125,143,18,8
246,269,23,11
368,394,26,13
495,518,23,14
592,619,27,14
668,674,6,16
715,718,3,15
745,751,6,15
845,868,23,12
935,944,9,9
962,959,-3,5
972,963,-9,2
967,956,-11,-1
946,934,-12,-3
896,882,-14,-6
856,834,-22,-9
737,723,-14,-11
603,587,-16,-11
466,453,-13,-11
317,313,-4,-9
198,198,0,-8
106,115,9,-6
52,49,-3,-4
6,9,3,-2
0,0,0,-1
0,0,0,0
0,0,0,0
0,0,0,0
0,0,0,0
0,0,0,0
0,0,0,0
0,0,0,0
12,10,-2,2
30,33,3,4
79,95,16,7
172,191,19,9
296,320,24,11
412,446,34,12
551,567,16,13
631,646,15,13
696,694,-2,14
727,729,2,13
760,768,8,11
888,902,14,8
954,956,2,5
962,958,-4,1
971,962,-9,-1
956,945,-11,-4
931,908,-23,-6
874,864,-10,-9
808,785,-23,-11
685,664,-21,-13
552,533,-19,-13
406,396,-10,-13
256,252,-4,-12
155,152,-3,-10
83,82,-1,-8
30,31,1,-6
0,0,0,-4
0,0,0,-2
0,0,0,-1
0,0,0,0
0,0,0,0
0,0,0,0
0,0,0,0
0,0,0,0
0,0,0,1
16,19,3,3
38,43,5,6
111,130,19,8
227,254,27,11
353,375,22,12
470,500,30,13
591,606,15,14
669,669,0,14
708,715,7,15
741,746,5,14
818,843,25,11
924,933,9,8
964,960,-4,4
972,964,-8,2
969,958,-11,0
945,935,-10,-3
897,886,-11,-5
862,845,-17,-8
758,736,-22,-10
623,607,-16,-11
480,471,-9,-11
335,331,-4,-10
209,207,-2,-9
125,121,-4,-8
51,58,7,-6
19,8,-11,-4
0,0,0,-3
0,0,0,-1
0,0,0,-1
0,0,0,0
0,0,0,0
0,0,0,0
0,0,0,0
0,0,0,1
7,11,4,2
27,31,4,4
66,81,15,7
158,175,17,9
280,303,23,10
401,423,22,12
534,551,17,13
623,637,14,14
674,692,18,15
728,728,0,15
744,762,18,13
875,893,18,12
945,952,7,9
961,957,-4,6
965,961,-4,3
959,949,-10,0
933,919,-14,-3
885,871,-14,-6
814,799,-15,-9
705,684,-21,-12
567,549,-18,-12
432,413,-19,-11
283,274,-9,-10
164,170,6,-9
90,98,8,-7
39,43,4,-5
4,0,-4,-3
0,0,0,-1
0,0,0,0
0,0,0,0
0,0,0,0
0,0,0,0
0,0,0,0
0,0,0,0
0,0,0,1
13,15,2,2
33,36,3,5
98,113,15,7
203,227,24,11
328,352,24,12
446,477,31,13
563,590,27,14
654,656,2,15
696,701,5,15
736,738,2,15
780,801,21,12
908,919,11,9
959,956,-3,5
965,961,-4,2
965,956,-9,0
950,936,-14,-2
908,895,-13,-5
869,852,-17,-7
774,762,-12,-9
651,634,-17,-10
506,500,-6,-9
369,361,-8,-8
227,233,6,-7
143,140,-3,-5
71,75,4,-4
24,27,3,-2
0,0,0,-1
0,0,0,0
0,0,0,0
0,0,0,0
0,0,0,0
0,0,0,0
0,0,0,0
0,0,0,1
0,9,9,3
21,23,2,5
47,63,16,7
139,157,18,9
257,283,26,11
384,403,19,12
508,525,17,12
614,626,12,13
676,678,2,13
715,721,6,12
751,754,3,11
858,877,19,8
940,945,5,5
962,957,-5,2
970,962,-8,0
963,952,-11,-2
942,929,-13,-5
891,877,-14,-7
843,819,-24,-9
721,705,-16,-11
586,576,-10,-10
451,437,-14,-10
292,299,7,-8
179,181,2,-7
104,108,4,-6
44,42,-2,-3
3,0,-3,-2
0,0,0,0
0,0,0,0
0,0,0,0
0,0,0,0
0,0,0,0
0,0,0,0
0,0,0,0
0,0,0,1
11,13,2,2
32,36,4,5
95,107,12,7
194,218,24,10
318,344,26,12
440,468,28,13
561,579,18,14
646,657,11,14
696,702,6,15
734,738,4,14
782,794,12,12
906,916,10,9
959,958,-1,5
964,959,-5,2
967,958,-9,0
952,939,-13,-3
907,896,-11,-5
868,856,-12,-7
788,770,-18,-10
658,641,-17,-11
515,504,-11,-11
377,363,-14,-10
238,234,-4,-9
138,144,6,-7
70,72,2,-6
32,25,-7,-5
0,0,0,-3
0,0,0,-1
0,0,0,-1
0,0,0,0
0,0,0,0
0,0,0,0
0,0,0,0
0,0,0,0
0,1,1,2
20,23,3,4
43,54,11,6
125,145,20,8
247,270,23,10
367,388,21,12
500,516,16,13
597,616,19,14
656,677,21,14
715,712,-3,14
743,747,4,12
847,862,15,10
931,938,7,7
960,954,-6,4
967,960,-7,1
964,954,-10,-1
941,930,-11,-5
893,877,-16,-7
847,830,-17,-9
733,715,-18,-11
595,582,-13,-11
457,445,-12,-11
320,309,-11,-10
189,191,2,-8
113,109,-4,-7
41,51,10,-5
6,5,-1,-3
0,0,0,-2
0,0,0,0
0,0,0,0
0,0,0,0
0,0,0,0
0,0,0,0
0,0,0,0
0,0,0,0
11,11,0,2
31,33,2,4
80,95,15,7
178,198,20,9
299,324,25,11
421,448,27,12
547,570,23,13
641,645,4,13
687,695,8,14
729,728,-1,13
762,776,14,11
898,909,11,9
953,953,0,5
960,957,-3,1
966,957,-9,0
950,939,-11,-3
918,898,-20,-6
867,857,-10,-8
794,776,-18,-11
673,651,-22,-12
531,515,-16,-13
391,376,-15,-12
243,243,0,-12
153,146,-7,-10
80,74,-6,-9
28,25,-3,-7
0,0,0,-5
0,0,0,-3
0,0,0,-2
0,0,0,-1
0,0,0,-1
0,0,0,0
0,0,0,0
0,0,0,0
0,0,0,1
15,19,4,3
36,41,5,6
113,134,21,9
233,257,24,11
355,380,25,13
476,505,29,14
591,609,18,15
658,668,10,16
708,712,4,16
743,746,3,14
826,851,25,12
924,931,7,9
961,956,-5,5
969,961,-8,1
966,955,-11,-1
942,932,-10,-4
898,882,-16,-7
856,832,-24,-9
745,726,-19,-12
616,597,-19,-12
475,466,-9,-11
325,323,-2,-9
203,203,0,-7
107,122,15,-5
56,56,0,-2
3,15,12,0
0,0,0,1
0,0,0,2
0,0,0,2
0,0,0,2
0,0,0,1
0,0,0,0
0,0,0,0
0,0,0,0
13,13,0,2
29,32,3,4
80,94,14,7
173,193,20,9
294,319,25,11
419,444,25,12
547,566,19,13
629,642,13,14
690,695,5,15
723,730,7,15
758,775,17,13
890,904,14,10
953,956,3,7
964,960,-4,3
971,963,-8,0
957,946,-11,-3
929,901,-28,-5
875,861,-14,-9
807,787,-20,-11
680,663,-17,-13
547,529,-18,-12
410,393,-17,-11
246,255,9,-10
152,161,9,-8
79,89,10,-6
44,31,-13,-4
0,0,0,-2
0,0,0,0
0,0,0,0
0,0,0,0
0,0,0,0
0,0,0,0
0,0,0,0
0,0,0,0
0,0,0,1
16,19,3,3
33,41,8,6
110,128,18,8
229,253,24,11
352,379,27,14
471,497,26,15
581,610,29,17
658,672,14,18
709,715,6,18
734,747,13,17
820,846,26,15
924,931,7,12
959,955,-4,8
968,962,-6,5
964,956,-8,2
943,935,-8,0
901,889,-12,-3
851,844,-7,-7
754,736,-18,-9
623,601,-22,-10
482,465,-17,-9
328,325,-3,-8
193,205,12,-8
125,121,-4,-7
59,57,-2,-6
21,12,-9,-4
0,0,0,-3
0,0,0,-1
0,0,0,0
0,0,0,0
0,0,0,-1
0,0,0,0
0,0,0,0
0,0,0,1
16,15,-1,2
27,34,7,4
83,98,15,8
181,202,21,10
305,329,24,13
417,453,36,14
548,572,24,15
634,649,15,16
693,698,5,17
725,732,7,16
759,776,17,14
900,911,11,11
957,957,0,7
965,961,-4,3
970,962,-8,0
954,943,-11,-3
922,902,-20,-6
874,860,-14,-9
802,778,-24,-11
677,658,-19,-13
539,522,-17,-12
393,379,-14,-11
246,249,3,-10
149,153,4,-8
78,83,5,-6
30,34,4,-4
0,0,0,-1
0,0,0,0
0,0,0,0
0,0,0,1
0,0,0,0
0,0,0,0
0,0,0,0
0,0,0,0
0,0,0,1
14,18,4,3
36,42,6,5
116,132,16,7
232,255,23,10
358,374,16,11
472,497,25,13
588,609,21,14
657,669,12,15
700,712,12,15
742,743,1,14
821,846,25,12
923,928,5,9
958,953,-5,6
964,958,-6,2
962,953,-9,0
942,931,-11,-4
902,882,-20,-7
858,840,-18,-9
749,729,-20,-11
614,600,-14,-11
470,463,-7,-10
328,320,-8,-9
196,204,8,-8
118,120,2,-6
57,52,-5,-4
4,9,5,-2
0,0,0,0
0,0,0,0
0,0,0,0
0,0,0,0
0,0,0,0
0,0,0,0
0,0,0,0
0,0,0,0
7,9,2,2
22,24,2,4
59,71,12,6
146,168,22,9
272,293,21,11
390,413,23,12
520,541,21,13
615,629,14,13
675,687,12,14
719,720,1,13
748,753,5,12
870,882,12,9
939,945,6,6
956,952,-4,2
963,955,-8,0
955,944,-11,-3
932,914,-18,-6
878,865,-13,-8
823,801,-22,-10
702,682,-20,-12
562,547,-15,-12
418,412,-6,-11
268,265,-3,-10
164,162,-2,-9
84,86,2,-7
40,32,-8,-5
0,0,0,-4
0,0,0,-2
0,0,0,-1
0,0,0,0
0,0,0,0
0,0,0,0
0,0,0,0
0,0,0,0
0,0,0,1
11,11,0,2
33,35,2,5
91,110,19,7
202,223,21,10
323,348,25,11
445,475,30,13
574,586,12,13
645,656,11,14
689,699,10,15
733,729,-4,14
771,795,24,12
903,914,11,9
952,951,-1,5
959,952,-7,2
959,951,-8,0
944,932,-12,-2
905,890,-15,-5
860,845,-15,-8
771,755,-16,-10
649,626,-23,-10
501,490,-11,-9
356,352,-4,-8
207,226,19,-6
131,134,3,-4
59,62,3,-3
13,17,4,0
0,0,0,0
0,0,0,1
0,0,0,2
0,0,0,1
0,0,0,0
0,0,0,0
0,0,0,0
0,0,0,1
0,4,4,2
22,23,1,4
46,60,14,6
134,152,18,9
254,276,22,10
380,399,19,12
498,526,28,12
612,620,8,12
670,680,10,13
719,715,-4,13
743,747,4,12
846,872,26,10
935,942,7,7
959,954,-5,3
967,959,-8,1
962,951,-11,-1
938,927,-11,-4
884,874,-10,-5
838,819,-19,-8
722,703,-19,-10
586,575,-11,-10
452,444,-8,-9
305,292,-13,-9
174,181,7,-7
98,105,7,-5
50,45,-5,-4
1,5,4,-2
0,0,0,0
0,0,0,0
0,0,0,0
0,0,0,0
0,0,0,0
0,0,0,0
0,0,0,0
0,0,0,1
13,14,1,2
33,36,3,4
86,100,14,7
190,211,21,9
313,339,26,11
434,460,26,13
563,582,19,14
640,651,11,15
691,704,13,16
731,733,2,16
763,791,28,13
905,915,10,11
959,958,-1,7
965,960,-5,4
969,960,-9,1
952,941,-11,-2
915,898,-17,-5
870,861,-9,-8
796,769,-27,-11
663,646,-17,-12
526,511,-15,-11
377,370,-7,-11
237,238,1,-9
142,142,0,-8
72,71,-1,-6
28,32,4,-4
0,0,0,-2
0,0,0,-1
0,0,0,0
0,0,0,0
0,0,0,0
0,0,0,0
0,0,0,0
0,0,0,0
0,0,0,2
19,23,4,4
40,51,11,6
123,141,18,8
247,269,22,11
370,393,23,13
491,516,25,14
604,623,19,15
663,675,12,16
704,720,16,17
750,750,0,15
838,866,28,13
929,937,8,10
961,955,-6,6
968,961,-7,3
964,955,-9,0
944,931,-13,-3
895,881,-14,-6
849,830,-19,-8
737,717,-20,-11
601,584,-17,-12
458,454,-4,-11
320,308,-12,-11
196,191,-5,-10
108,111,3,-8
55,47,-8,-7
9,9,0,-5
0,0,0,-3
0,0,0,-2
0,0,0,-1
0,0,0,0
0,0,0,0
0,0,0,0
0,0,0,0
0,0,0,0
13,12,-1,2
31,34,3,4
80,95,15,7
180,198,18,9
298,324,26,11
417,447,30,13
543,566,23,14
632,645,13,14
688,696,8,15
727,730,3,15
761,769,8,13
892,907,15,10
953,955,2,7
961,958,-3,3
965,958,-7,0
951,940,-11,-3
922,902,-20,-5
872,858,-14,-8
803,783,-20,-10
675,661,-14,-12
542,522,-20,-13
398,381,-17,-12
247,246,-1,-11
155,153,-2,-9
79,82,3,-8
34,30,-4,-6
1,0,-1,-4
0,0,0,-2
0,0,0,-1
0,0,0,0
0,0,0,0
0,0,0,0
0,0,0,0
0,0,0,0
0,0,0,1
15,17,2,3
34,39,5,5
112,129,17,8
229,255,26,10
349,374,25,13
475,500,25,14
584,603,19,14
644,663,19,16
707,709,2,17
736,738,2,16
807,843,36,14
918,926,8,11
957,952,-5,6
964,957,-7,4
961,950,-11,1
940,929,-11,-1
885,881,-4,-4
848,836,-12,-6
747,723,-24,-10
611,595,-16,-10
467,459,-8,-9
327,315,-12,-8
189,197,8,-6
112,117,5,-4
41,52,11,-3
0,8,8,0
0,0,0,0
0,0,0,1
0,0,0,2
0,0,0,2
0,0,0,1
0,0,0,1
0,0,0,0
0,0,0,1
7,11,4,2
23,25,2,4
63,77,14,7
154,173,19,10
273,297,24,12
391,417,26,13
516,542,26,15
617,631,14,15
674,687,13,15
715,724,9,15
750,748,-2,13
870,886,16,11
940,946,6,8
955,951,-4,3
961,955,-6,0
953,942,-11,-2
929,913,-16,-5
881,864,-17,-7
817,795,-22,-9
686,676,-10,-10
556,546,-10,-10
416,405,-11,-10
260,267,7,-7
156,156,0,-5
90,86,-4,-4
20,37,17,-1
0,0,0,0
0,0,0,0
0,0,0,1
0,0,0,1
0,0,0,1
0,0,0,1
0,0,0,1
0,0,0,0
0,0,0,1
11,14,3,3
34,37,3,5
99,116,17,7
205,228,23,10
329,351,22,12
455,480,25,13
568,591,23,14
643,659,16,16
697,700,3,16
726,736,10,15
789,811,22,13
909,919,10,10
955,953,-2,7
962,956,-6,4
962,952,-10,0
943,932,-11,-2
897,885,-12,-4
857,845,-12,-7
762,745,-17,-9
636,616,-20,-10
489,482,-7,-10
349,340,-9,-9
215,214,-1,-7
115,122,7,-6
60,61,1,-4
12,13,1,-3
0,0,0,-1
0,0,0,0
0,0,0,0
0,0,0,0
0,0,0,0
0,0,0,0
0,0,0,0
0,0,0,1
0,8,8,2
21,23,2,4
53,64,11,6
139,159,20,9
259,281,22,10
385,400,15,12
502,529,27,13
610,620,10,14
668,678,10,13
701,718,17,14
749,748,-1,12
861,870,9,9
932,939,7,7
954,949,-5,3
962,954,-8,0
958,948,-10,-1
936,924,-12,-5
882,871,-11,-7
834,814,-20,-9
716,695,-21,-10
576,566,-10,-9
436,431,-5,-8
280,282,2,-7
167,174,7,-5
90,97,7,-4
46,40,-6,-2
0,3,3,-1
0,0,0,0
0,0,0,0
0,0,0,1
0,0,0,0
0,0,0,0
0,0,0,0
0,0,0,0
0,0,0,0
14,14,0,2
31,32,1,4
80,97,17,7
176,198,22,10
301,325,24,12
422,451,29,13
550,569,19,15
628,645,17,16
684,691,7,17
714,727,13,17
753,772,19,15
888,904,16,12
947,950,3,9
956,950,-6,5
960,953,-7,2
945,935,-10,-1
913,894,-19,-4
865,855,-10,-8
798,770,-28,-10
664,644,-20,-13
523,510,-13,-12
380,368,-12,-12
236,233,-3,-10
133,135,2,-9
68,69,1,-7
19,22,3,-5
0,0,0,-2
0,0,0,-1
0,0,0,0
0,0,0,0
0,0,0,0
0,0,0,0
0,0,0,0
0,0,0,0
0,0,0,1
16,18,2,3
34,43,9,6
116,133,17,8
233,257,24,10
358,384,26,13
483,506,23,14
592,610,18,14
652,670,18,15
702,708,6,15
746,738,-8,14
825,852,27,12
922,929,7,9
955,950,-5,5
961,955,-6,2
955,948,-7,0
936,926,-10,-3
889,875,-14,-5
843,830,-13,-7
742,718,-24,-9
596,587,-9,-10
463,451,-12,-9
315,312,-3,-9
189,192,3,-8
109,106,-3,-7
42,45,3,-5
9,0,-9,-3
0,0,0,-2
0,0,0,-1
0,0,0,0
0,0,0,0
0,0,0,0
0,0,0,0
0,0,0,0
0,0,0,1
9,12,3,2
27,29,2,4
71,84,13,6
164,183,19,9
286,309,23,10
409,427,18,12
531,555,24,13
619,635,16,14
678,685,7,15
712,727,15,14
752,757,5,13
879,894,15,10
945,948,3,8
957,954,-3,4
963,955,-8,1
952,941,-11,-1
923,909,-14,-4
876,866,-10,-7
811,791,-20,-9
688,671,-17,-11
549,535,-14,-11
404,396,-8,-10
264,258,-6,-9
152,152,0,-8
79,83,4,-7
41,32,-9,-5
0,0,0,-4
0,0,0,-2
0,0,0,-1
0,0,0,0
0,0,0,0
0,0,0,0
0,0,0,0
0,0,0,0
0,0,0,1
14,17,3,3
35,38,3,5
103,121,18,7
218,242,24,10
342,364,22,11
468,489,21,12
576,595,19,13
657,663,6,15
696,706,10,15
734,739,5,15
796,830,34,13
913,923,10,10
958,954,-4,7
964,959,-5,4
961,954,-7,1
942,931,-11,-2
908,888,-20,-4
862,847,-15,-7
765,742,-23,-10
624,614,-10,-11
483,476,-7,-10
345,335,-10,-9
214,215,1,-8
121,130,9,-6
64,62,-2,-4
15,18,3,-2
0,0,0,0
0,0,0,0
0,0,0,0
0,0,0,0
0,0,0,0
0,0,0,0
0,0,0,0
0,0,0,1
10,14,4,2
30,32,2,4
75,90,15,7
174,192,18,9
293,318,25,11
416,438,22,13
533,560,27,14
626,642,16,15
684,693,9,15
723,729,6,15
758,763,5,13
886,901,15,10
952,955,3,7
962,959,-3,3
968,962,-6,0
955,944,-11,-3
930,908,-22,-6
883,868,-15,-9
813,788,-25,-11
687,670,-17,-12
548,534,-14,-12
409,397,-12,-11
257,258,1,-9
152,163,11,-7
87,90,3,-5
37,40,3,-3
0,0,0,-1
0,0,0,0
0,0,0,1
0,0,0,1
0,0,0,1
0,0,0,0
0,0,0,0
0,0,0,0
0,0,0,1
16,16,0,2
38,42,4,5
106,121,15,7
221,246,25,10
345,372,27,12
470,495,25,14
584,605,21,15
650,670,20,17
706,710,4,18
734,744,10,17
808,836,28,15
917,926,9,11
960,956,-4,7
966,960,-6,5
963,955,-8,1
946,935,-11,-1
901,890,-11,-4
861,848,-13,-6
760,745,-15,-9
630,614,-16,-10
489,476,-13,-9
340,333,-7,-8
213,211,-2,-7
118,127,9,-6
59,60,1,-4
14,13,-1,-3
0,0,0,-1
0,0,0,0
0,0,0,0
0,0,0,0
0,0,0,0
0,0,0,0
0,0,0,0
0,0,0,1
8,13,5,2
25,29,4,4
71,82,11,7
165,184,19,9
284,309,25,11
405,428,23,12
529,552,23,13
628,639,11,13
685,693,8,13
730,727,-3,13
758,762,4,11
877,896,19,9
946,951,5,6
962,957,-5,2
965,959,-6,0
958,945,-13,-2
934,916,-18,-5
880,871,-9,-7
817,797,-20,-9
693,676,-17,-11
555,543,-12,-11
415,406,-9,-10
263,263,0,-9
168,166,-2,-8
89,92,3,-6
46,37,-9,-5
0,0,0,-3
0,0,0,-2
0,0,0,-1
0,0,0,0
0,0,0,0
0,0,0,0
0,0,0,0
0,0,0,0
0,0,0,1
15,17,2,3
38,40,2,5
104,122,18,7
218,242,24,9
345,367,22,11
473,492,19,12
580,599,19,13
656,670,14,14
703,710,7,14
744,743,-1,13
817,837,20,11
919,928,9,8
959,955,-4,5
966,961,-5,2
966,955,-11,0
946,935,-11,-3
901,890,-11,-6
858,843,-15,-8
757,740,-17,-10
630,608,-22,-12
486,471,-15,-12
338,333,-5,-11
218,210,-8,-11
132,129,-3,-10
67,62,-5,-8
18,14,-4,-6
0,0,0,-5
0,0,0,-3
0,0,0,-2
0,0,0,-1
0,0,0,0
0,0,0,0
0,0,0,0
0,0,0,1
7,12,5,2
26,29,3,5
70,82,12,7
164,185,21,10
281,308,27,12
400,424,24,14
537,559,22,15
618,640,22,15
678,692,14,15
729,725,-4,15
759,759,0,13
877,895,18,10
947,951,4,6
959,955,-4,2
967,958,-9,0
957,944,-13,-3
930,910,-20,-6
877,866,-11,-8
811,792,-19,-10
689,674,-15,-12
551,536,-15,-11
412,397,-15,-11
261,263,2,-10
153,159,6,-8
91,87,-4,-6
35,31,-4,-5
0,0,0,-3
0,0,0,-2
0,0,0,0
0,0,0,0
0,0,0,0
0,0,0,0
0,0,0,0
0,0,0,0
0,0,0,1
13,16,3,3
35,38,3,5
102,120,18,7
219,244,25,9
344,369,25,11
474,492,18,12
588,602,14,12
646,663,17,13
711,710,-1,13
736,735,-1,12
814,830,16,10
915,926,11,7
959,956,-3,3
967,960,-7,1
964,955,-9,0
944,933,-11,-2
894,888,-6,-4
850,847,-3,-6
758,737,-21,-8
630,614,-16,-10
490,477,-13,-9
345,334,-11,-8
212,208,-4,-7
118,123,5,-5
55,60,5,-4
4,11,7,-3
0,0,0,-1
0,0,0,0
0,0,0,0
0,0,0,1
0,0,0,1
0,0,0,1
0,0,0,0
0,0,0,1
3,8,5,2
24,27,3,5
55,70,15,7
150,168,18,10
269,293,24,13
386,412,26,15
512,546,34,17
609,630,21,17
665,686,21,17
720,720,0,17
753,756,3,15
868,885,17,13
941,947,6,9
959,956,-3,5
968,960,-8,1
963,952,-11,-1
937,923,-14,-5
886,873,-13,-7
827,808,-19,-9
711,690,-21,-11
575,562,-13,-11
437,428,-9,-11
280,279,-1,-10
174,170,-4,-9
95,93,-2,-8
52,43,-9,-6
4,0,-4,-5
0,0,0,-3
0,0,0,-2
0,0,0,-2
0,0,0,-1
0,0,0,-1
0,0,0,0
0,0,0,0
0,0,0,1
9,14,5,3
30,33,3,5
83,98,15,8
178,202,24,10
303,329,26,12
429,456,27,14
558,572,14,15
628,654,26,17
691,696,5,18
720,734,14,17
758,778,20,15
894,906,12,12
953,955,2,9
963,960,-3,5
967,959,-8,2
952,941,-11,-1
919,903,-16,-4
876,862,-14,-7
801,778,-23,-10
673,657,-16,-11
538,522,-16,-11
395,385,-10,-10
239,248,9,-8
152,154,2,-6
80,80,0,-4
18,31,13,-2
0,0,0,0
0,0,0,0
0,0,0,1
0,0,0,2
0,0,0,1
0,0,0,1
0,0,0,0
0,0,0,0
0,0,0,1
16,18,2,3
36,41,5,5
115,133,18,8
231,257,26,10
354,380,26,12
480,501,21,13
589,607,18,14
657,670,13,15
711,708,-3,16
736,746,10,14
820,848,28,12
924,933,9,9
960,954,-6,5
965,960,-5,3
962,952,-10,0
940,929,-11,-3
895,883,-12,-5
856,838,-18,-8
746,725,-21,-10
611,592,-19,-11
460,456,-4,-10
325,317,-8,-9
196,198,2,-8
108,114,6,-6
48,50,2,-4
5,5,0,-2
0,0,0,0
0,0,0,0
0,0,0,0
0,0,0,0
0,0,0,0
0,0,0,0
0,0,0,0
0,0,0,1
5,10,5,3
21,27,6,5
67,79,12,7
158,177,19,10
276,302,26,11
397,419,22,12
526,549,23,14
628,633,5,14
676,686,10,14
709,723,14,15
750,754,4,13
869,888,19,10
939,946,7,8
954,950,-4,4
958,951,-7,0
952,939,-13,-2
926,909,-17,-5
878,860,-18,-8
812,787,-25,-9
681,669,-12,-10
549,536,-13,-10
403,400,-3,-10
250,262,12,-8
153,154,1,-6
86,79,-7,-4
24,32,8,-2
0,0,0,0
0,0,0,0
0,0,0,1
0,0,0,0
0,0,0,0
0,0,0,0
0,0,0,0
0,0,0,0
0,0,0,1
10,12,2,2
34,35,1,5
96,112,16,7
201,223,22,9
325,352,27,10
455,474,19,11
572,585,13,11
646,657,11,12
699,697,-2,12
733,728,-5,11
786,804,18,9
904,914,10,6
952,949,-3,2
957,950,-7,0
956,947,-9,-1
937,924,-13,-4
897,885,-12,-6
852,840,-12,-8
761,741,-20,-10
629,610,-19,-11
481,473,-8,-9
340,334,-6,-8
211,211,0,-6
105,123,18,-4
47,50,3,-2
5,7,2,-1
0,0,0,0
0,0,0,1
0,0,0,1
0,0,0,1
0,0,0,1
0,0,0,0
0,0,0,0
0,0,0,0
0,0,0,1
19,20,1,3
42,50,8,5
123,142,19,8
243,266,23,10
366,387,21,12
484,509,25,13
596,611,15,13
657,669,12,13
702,707,5,14
742,738,-4,12
836,852,16,10
916,926,10,7
946,942,-4,4
956,948,-8,1
950,941,-9,-1
928,919,-9,-4
881,867,-14,-6
835,816,-19,-7
721,704,-17,-9
584,571,-13,-9
439,438,-1,-9
298,287,-11,-7
166,177,11,-6
90,91,1,-4
40,40,0,-3
0,0,0,-1
0,0,0,0
0,0,0,0
0,0,0,0
0,0,0,0
0,0,0,0
0,0,0,0
0,0,0,0
0,0,0,1
5,11,6,3
23,27,4,4
63,76,13,7
156,174,18,10
279,301,22,12
395,422,27,14
524,551,27,15
607,634,27,15
677,682,5,16
716,718,2,15
744,749,5,14
867,885,18,11
936,942,6,8
950,946,-4,4
955,948,-7,1
946,935,-11,-2
919,904,-15,-4
862,854,-8,-7
808,784,-24,-9
683,666,-17,-11
544,529,-15,-11
404,397,-7,-10
253,246,-7,-9
145,150,5,-8
76,77,1,-6
20,22,2,-4
0,0,0,-2
0,0,0,-1
0,0,0,0
0,0,0,0
0,0,0,0
0,0,0,0
0,0,0,0
0,0,0,0
0,0,0,1
10,12,2,2
31,34,3,5
93,108,15,7
197,219,22,9
322,346,24,11
451,468,17,12
563,586,23,13
647,656,9,14
690,698,8,15
722,727,5,14
772,796,24,12
894,908,14,10
950,947,-3,6
955,949,-6,4
952,944,-8,1
937,925,-12,-1
892,883,-9,-4
857,842,-15,-7
768,744,-24,-10
633,616,-17,-11
488,477,-11,-10
346,335,-11,-9
213,210,-3,-8
106,124,18,-7
55,54,-1,-5
16,7,-9,-4
0,0,0,-2
0,0,0,0
0,0,0,0
0,0,0,0
0,0,0,0
0,0,0,0
0,0,0,0
0,0,0,1
0,6,6,3
17,20,3,5
45,59,14,6
138,156,18,9
257,280,23,11
375,394,19,13
500,524,24,13
600,618,18,13
665,673,8,13
708,710,2,12
747,739,-8,10
851,866,15,8
929,934,5,5
950,945,-5,1
956,947,-9,-1
950,939,-11,-4
929,915,-14,-7
874,864,-10,-9
832,805,-27,-10
709,688,-21,-11
573,559,-14,-11
437,429,-8,-10
275,280,5,-9
167,167,0,-7
78,94,16,-5
41,31,-10,-3
0,0,0,-2
0,0,0,0
0,0,0,0
0,0,0,0
0,0,0,0
0,0,0,0
0,0,0,0
0,0,0,0
0,0,0,1
8,11,3,2
25,28,3,4
70,85,15,7
163,182,19,9
286,308,22,11
399,423,24,13
532,557,25,14
618,631,13,14
674,685,11,15
714,722,8,14
753,752,-1,12
869,887,18,10
938,943,5,7
951,945,-6,2
957,949,-8,0
945,933,-12,-3
919,898,-21,-7
865,848,-17,-10
801,775,-26,-12
677,654,-23,-14
537,522,-15,-13
396,382,-14,-12
240,244,4,-11
138,144,6,-8
73,73,0,-6
8,14,6,-4
0,0,0,-1
0,0,0,0
0,0,0,0
0,0,0,1
0,0,0,0
0,0,0,0
0,0,0,0
0,0,0,0
0,0,0,0
13,13,0,2
30,33,3,4
94,108,14,7
197,219,22,9
325,348,23,11
451,475,24,12
564,586,22,13
639,652,13,15
687,696,9,15
727,726,-1,15
771,796,25,13
896,909,13,10
950,947,-3,6
956,950,-6,3
953,946,-7,0
936,925,-11,-2
891,878,-13,-5
854,837,-17,-7
767,744,-23,-10
634,620,-14,-11
493,479,-14,-10
340,336,-4,-9
210,214,4,-8
116,123,7,-6
50,55,5,-5
12,3,-9,-3
0,0,0,-1
0,0,0,0
0,0,0,0
0,0,0,0
0,0,0,0
0,0,0,0
0,0,0,0
0,0,0,1
0,3,3,2
17,20,3,4
42,53,11,6
132,151,19,9
254,275,21,11
369,394,25,13
492,523,31,15
596,612,16,15
656,671,15,16
699,709,10,16
741,742,1,14
846,862,16,12
925,930,5,9
947,944,-3,5
955,948,-7,1
950,940,-10,-2
930,917,-13,-4
883,865,-18,-7
832,810,-22,-9
706,695,-11,-11
577,562,-15,-11
435,427,-8,-10
287,283,-4,-9
170,168,-2,-8
87,90,3,-6
43,39,-4,-5
0,0,0,-3
0,0,0,-2
0,0,0,-1
0,0,0,0
0,0,0,0
0,0,0,0
0,0,0,0
0,0,0,0
0,0,0,0
6,9,3,2
25,25,0,4
64,76,12,6
154,173,19,8
273,295,22,10
394,412,18,11
523,547,24,11
623,632,9,11
680,684,4,11
721,721,0,11
745,746,1,10
865,881,16,7
937,941,4,4
950,946,-4,1
958,949,-9,-1
951,939,-12,-4
928,911,-17,-6
876,863,-13,-9
815,793,-22,-11
698,675,-23,-13
554,534,-20,-13
416,402,-14,-13
267,261,-6,-11
154,158,4,-9
77,83,6,-7
27,29,2,-5
0,0,0,-3
0,0,0,-1
0,0,0,0
0,0,0,0
0,0,0,0
0,0,0,0
0,0,0,0
0,0,0,0
0,0,0,0
16,14,-2,2
31,32,1,4
90,107,17,7
194,215,21,10
323,343,20,11
437,473,36,12
559,584,25,13
648,652,4,13
697,697,0,13
735,732,-3,13
779,789,10,10
895,907,12,7
949,948,-1,4
955,949,-6,0
959,950,-9,-2
939,928,-11,-4
899,883,-16,-6
857,847,-10,-8
768,752,-16,-10
645,620,-25,-11
501,484,-17,-11
345,344,-1,-10
221,221,0,-8
124,128,4,-7
66,58,-8,-5
4,15,11,-3
0,0,0,-1
0,0,0,0
0,0,0,0
0,0,0,0
0,0,0,0
0,0,0,0
0,0,0,0
0,0,0,0
0,0,0,2
17,20,3,4
40,53,13,6
127,148,21,9
250,273,23,11
374,392,18,13
487,519,32,14
602,615,13,15
658,670,12,16
703,711,8,16
729,740,11,15
838,860,22,12
925,932,7,9
949,945,-4,6
957,949,-8,3
950,942,-8,0
928,917,-11,-3
877,867,-10,-6
835,808,-27,-8
716,696,-20,-10
577,563,-14,-10
435,432,-3,-9
288,284,-4,-8
162,174,12,-7
83,94,11,-5
41,29,-12,-4
2,0,-2,-2
0,0,0,0
0,0,0,0
0,0,0,0
0,0,0,0
0,0,0,0
0,0,0,0
0,0,0,0
0,0,0,1
7,11,4,2
24,27,3,4
67,80,13,6
162,179,17,8
279,302,23,10
399,421,22,12
533,550,17,12
619,632,13,12
671,680,9,13
716,718,2,13
746,749,3,11
868,887,19,9
939,944,5,6
953,949,-4,2
954,949,-5,0
948,936,-12,-3
924,902,-22,-6
877,856,-21,-9
804,782,-22,-11
683,661,-22,-14
539,524,-15,-15
401,385,-16,-14
252,242,-10,-13
143,144,1,-11
69,70,1,-9
23,18,-5,-7
0,0,0,-5
0,0,0,-3
0,0,0,-2
0,0,0,0
0,0,0,0
0,0,0,0
0,0,0,0
0,0,0,0
0,0,0,1
11,14,3,2
32,35,3,5
104,118,14,7
217,240,23,10
335,364,29,11
463,486,23,12
576,594,18,12
656,657,1,13
699,703,4,13
736,734,-2,13
796,821,25,10
912,922,10,8
954,951,-3,4
959,952,-7,1
955,946,-9,0
935,925,-10,-3
895,880,-15,-5
850,838,-12,-8
755,732,-23,-10
620,604,-16,-11
477,464,-13,-10
326,324,-2,-9
205,202,-3,-8
110,110,0,-6
35,49,14,-5
11,4,-7,-3
0,0,0,-1
0,0,0,0
0,0,0,0
0,0,0,0
0,0,0,0
0,0,0,0
0,0,0,0
0,0,0,1
2,8,6,3
21,23,2,5
52,68,16,6
144,164,20,9
266,286,20,10
394,405,11,11
512,538,26,12
610,626,16,13
681,679,-2,13
714,719,5,12
739,751,12,11
867,881,14,9
940,945,5,6
955,952,-3,3
964,956,-8,0
957,945,-12,-2
932,919,-13,-4
882,868,-14,-7
825,804,-21,-10
704,688,-16,-12
577,557,-20,-12
436,424,-12,-11
278,276,-2,-10
169,171,2,-8
84,90,6,-6
38,38,0,-4
0,0,0,-2
0,0,0,-1
0,0,0,0
0,0,0,0
0,0,0,0
0,0,0,0
0,0,0,0
0,0,0,0
0,0,0,1
11,8,-3,2
28,32,4,4
73,91,18,7
171,192,21,10
293,318,25,13
412,442,30,15
534,567,33,16
630,642,12,17
677,695,18,18
729,732,3,18
756,770,14,15
883,899,16,13
952,953,1,9
962,957,-5,5
966,959,-7,1
957,945,-12,-1
917,905,-12,-4
872,860,-12,-7
803,785,-18,-9
686,666,-20,-10
543,530,-13,-9
403,388,-15,-9
241,257,16,-8
146,155,9,-6
86,80,-6,-5
27,26,-1,-3
0,0,0,-1
0,0,0,0
0,0,0,0
0,0,0,0
0,0,0,0
0,0,0,0
0,0,0,0
0,0,0,0
0,0,0,1
14,17,3,3
33,37,4,5
106,123,17,7
222,246,24,9
349,372,23,11
477,499,22,12
589,602,13,13
660,672,12,14
705,712,7,15
743,743,0,14
813,841,28,11
920,929,9,9
958,955,-3,5
966,959,-7,3
964,956,-8,1
940,931,-9,-1
896,887,-9,-4
856,845,-11,-6
757,734,-23,-9
622,603,-19,-9
472,468,-4,-9
328,327,-1,-9
206,206,0,-8
125,116,-9,-6
58,57,-1,-5
6,12,6,-3
0,0,0,-1
0,0,0,0
0,0,0,0
0,0,0,0
0,0,0,0
0,0,0,0
0,0,0,0
0,0,0,1
7,11,4,2
23,26,3,4
61,76,15,7
156,175,19,9
279,302,23,11
400,420,20,12
529,547,18,12
614,634,20,13
688,685,-3,14
717,722,5,13
745,757,12,12
871,889,18,9
944,949,5,6
958,954,-4,3
965,958,-7,0
954,943,-11,-2
931,913,-18,-4
875,863,-12,-7
819,793,-26,-9
688,678,-10,-11
554,543,-11,-11
415,398,-17,-10
258,255,-3,-9
148,157,9,-7
82,83,1,-5
32,32,0,-4
0,0,0,-2
0,0,0,-1
0,0,0,0
0,0,0,0
0,0,0,0
0,0,0,0
0,0,0,0
0,0,0,0
0,0,0,1
11,14,3,3
30,33,3,5
94,111,17,7
201,224,23,10
327,348,21,11
450,476,26,12
566,584,18,13
648,657,9,14
700,702,2,15
723,734,11,14
783,807,24,12
904,913,9,9
953,951,-2,6
959,953,-6,3
958,950,-8,0
941,929,-12,-2
896,886,-10,-4
861,844,-17,-7
770,750,-20,-10
637,620,-17,-10
492,480,-12,-10
346,341,-5,-10
211,217,6,-8
129,122,-7,-7
55,56,1,-5
10,12,2,-3
0,0,0,-2
0,0,0,0
0,0,0,0
0,0,0,0
0,0,0,0
0,0,0,0
0,0,0,0
0,0,0,1
0,7,7,3
19,21,2,5
46,62,16,7
142,161,19,9
262,284,22,11
382,401,19,13
509,534,25,14
610,624,14,14
664,679,15,14
716,716,0,14
740,749,9,13
858,873,15,10
934,941,7,7
955,951,-4,4
960,952,-8,1
956,944,-12,-2
933,917,-16,-5
879,868,-11,-7
835,812,-23,-8
708,696,-12,-10
573,561,-12,-9
432,428,-4,-9
285,280,-5,-7
160,173,13,-6
86,90,4,-4
44,34,-10,-3
0,0,0,-1
0,0,0,0
0,0,0,0
0,0,0,0
0,0,0,0
0,0,0,0
0,0,0,0
0,0,0,0
0,0,0,1
8,10,2,2
27,28,1,4
72,86,14,7
166,183,17,9
284,309,25,11
398,431,33,13
535,555,20,14
628,640,12,14
682,689,7,15
719,724,5,15
742,757,15,13
876,892,16,11
945,948,3,8
957,952,-5,3
961,956,-5,1
952,941,-11,-1
925,906,-19,-4
873,861,-12,-7
805,783,-22,-10
680,664,-16,-11
543,527,-16,-12
399,389,-10,-11
251,251,0,-10
156,150,-6,-8
74,77,3,-6
19,25,6,-4
0,0,0,-2
0,0,0,-1
0,0,0,0
0,0,0,0
0,0,0,0
0,0,0,0
0,0,0,0
0,0,0,0
0,0,0,1
15,17,2,3
31,35,4,5
102,119,17,8
218,240,22,10
339,365,26,13
456,487,31,14
579,597,18,15
643,662,19,16
696,704,8,17
738,733,-5,15
793,819,26,13
909,919,10,10
953,949,-4,6
959,952,-7,3
958,950,-8,0
935,927,-8,-2
889,879,-10,-5
853,836,-17,-7
755,733,-22,-10
620,604,-16,-10
478,468,-10,-10
327,324,-3,-9
199,199,0,-8
116,117,1,-6
44,48,4,-5
7,4,-3,-3
0,0,0,-1
0,0,0,0
0,0,0,0
0,0,0,0
0,0,0,0
0,0,0,0
0,0,0,0
0,0,0,1
1,8,7,3
19,22,3,4
50,64,14,7
142,159,17,10
264,285,21,11
380,406,26,12
508,534,26,13
613,621,8,12
673,678,5,12
716,711,-5,12
743,742,-1,9
855,867,12,7
933,941,8,4
949,944,-5,1
956,950,-6,-1
950,940,-10,-3
928,917,-11,-6
875,864,-11,-7
828,802,-26,-9
703,681,-22,-10
561,554,-7,-10
424,417,-7,-9
274,273,-1,-8
167,167,0,-6
72,90,18,-4
30,29,-1,-2
1,0,-1,-1
0,0,0,0
0,0,0,1
0,0,0,1
0,0,0,1
0,0,0,0
0,0,0,0
0,0,0,0
0,0,0,0
11,12,1,2
28,30,2,4
83,96,13,7
175,197,22,10
297,324,27,12
416,445,29,13
541,567,26,14
628,642,14,15
686,687,1,15
722,724,2,15
754,768,14,13
885,897,12,10
946,947,1,6
956,951,-5,2
957,949,-8,-1
948,934,-14,-4
915,893,-22,-7
867,853,-14,-9
794,770,-24,-11
667,650,-17,-13
525,509,-16,-12
380,371,-9,-11
235,236,1,-9
131,143,12,-7
68,69,1,-5
23,23,0,-3
0,0,0,-1
0,0,0,0
0,0,0,0
0,0,0,1
0,0,0,0
0,0,0,0
0,0,0,0
0,0,0,0
0,0,0,1
16,18,2,3
40,43,3,5
121,139,18,7
237,262,25,10
359,382,23,11
485,505,20,12
590,611,21,13
660,667,7,15
703,713,10,15
735,738,3,14
826,851,25,11
924,932,8,8
955,949,-6,5
960,951,-9,2
959,947,-12,-1
938,926,-12,-4
888,872,-16,-6
843,825,-18,-9
729,712,-17,-11
591,578,-13,-12
459,445,-14,-11
305,297,-8,-10
178,177,-1,-9
97,100,3,-7
38,34,-4,-6
1,0,-1,-4
0,0,0,-2
0,0,0,-1
0,0,0,0
0,0,0,0
0,0,0,0
0,0,0,0
0,0,0,0
0,0,0,1
8,10,2,2
26,28,2,4
67,81,14,7
156,180,24,9
282,304,22,11
399,420,21,13
530,556,26,15
621,636,15,16
666,683,17,16
712,723,11,16
748,750,2,14
869,892,23,12
941,946,5,9
954,949,-5,5
961,953,-8,1
952,940,-12,-1
926,906,-20,-5
875,859,-16,-8
807,787,-20,-10
681,665,-16,-12
549,533,-16,-12
408,396,-12,-10
252,253,1,-8
150,154,4,-6
61,77,16,-4
22,29,7,-1
0,0,0,0
0,0,0,1
0,0,0,2
0,0,0,2
0,0,0,2
0,0,0,1
0,0,0,0
0,0,0,0
0,0,0,1
13,16,3,3
35,39,4,5
104,121,17,7
219,244,25,9
347,370,23,11
471,490,19,12
581,597,16,12
650,660,10,14
699,703,4,14
737,735,-2,13
803,832,29,11
914,922,8,8
951,947,-4,4
959,951,-8,2
957,948,-9,0
934,924,-10,-2
890,878,-12,-4
845,835,-10,-7
742,725,-17,-9
608,591,-17,-10
469,458,-11,-9
322,315,-7,-8
188,188,0,-7
103,109,6,-6
43,40,-3,-5
1,0,-1,-3
0,0,0,-2
0,0,0,0
0,0,0,0
0,0,0,0
0,0,0,0
0,0,0,0
0,0,0,0
0,0,0,1
0,8,8,3
21,24,3,5
52,66,14,6
142,160,18,9
264,285,21,12
384,402,18,13
506,532,26,15
599,624,25,16
663,676,13,16
708,711,3,16
732,746,14,14
858,873,15,12
933,938,5,9
950,946,-4,5
956,949,-7,2
949,939,-10,-1
926,912,-14,-4
872,858,-14,-7
821,797,-24,-9
696,679,-17,-10
560,549,-11,-9
413,414,1,-8
263,264,1,-7
147,158,11,-5
81,80,-1,-3
23,25,2,-2
0,0,0,0
0,0,0,0
0,0,0,1
0,0,0,1
0,0,0,0
0,0,0,0
0,0,0,0
0,0,0,0
0,0,0,1
9,13,4,2
26,30,4,5
81,96,15,7
179,197,18,9
300,326,26,11
426,445,19,12
544,566,22,13
628,642,14,14
689,688,-1,14
718,723,5,14
746,769,23,13
883,898,15,10
941,943,2,7
952,948,-4,3
954,948,-6,0
942,929,-13,-2
912,891,-21,-4
865,851,-14,-7
786,769,-17,-10
664,649,-15,-12
523,508,-15,-11
381,366,-15,-10
232,232,0,-8
121,139,18,-6
61,62,1,-4
10,14,4,-2
0,0,0,0
0,0,0,0
0,0,0,1
0,0,0,1
0,0,0,1
0,0,0,0
0,0,0,0
0,0,0,0
0,0,0,1
14,16,2,3
36,42,6,5
117,135,18,7
235,258,23,10
358,377,19,12
476,504,28,13
591,605,14,14
648,666,18,15
701,707,6,16
732,740,8,14
825,850,25,12
923,928,5,9
954,948,-6,6
960,954,-6,3
955,944,-11,0
936,924,-12,-2
886,880,-6,-5
847,830,-17,-7
732,713,-19,-10
598,584,-14,-10
455,448,-7,-8
315,306,-9,-7
174,184,10,-6
95,107,12,-4
46,43,-3,-3
0,0,0,-1
0,0,0,0
0,0,0,0
0,0,0,1
0,0,0,1
0,0,0,0
0,0,0,0
0,0,0,0
0,0,0,1
2,9,7,2
22,25,3,4
58,69,11,7
145,164,19,10
265,287,22,12
386,410,24,14
508,539,31,15
610,626,16,16
665,682,17,16
719,719,0,16
735,751,16,15
861,876,15,13
935,939,4,9
952,949,-3,5
957,950,-7,2
953,943,-10,0
930,916,-14,-3
871,865,-6,-6
821,801,-20,-8
704,683,-21,-11
559,550,-9,-10
431,416,-15,-9
277,270,-7,-9
154,164,10,-7
86,87,1,-6
28,31,3,-5
5,0,-5,-2
0,0,0,-1
0,0,0,0
0,0,0,0
0,0,0,0
0,0,0,0
0,0,0,0
0,0,0,0
0,0,0,1
9,11,2,2
30,33,3,4
84,99,15,7
177,196,19,9
302,325,23,11
423,450,27,13
542,566,24,14
629,644,15,14
686,691,5,14
724,725,1,14
763,773,10,12
886,898,12,9
948,950,2,6
959,954,-5,2
961,955,-6,0
947,935,-12,-3
916,898,-18,-5
862,853,-9,-7
795,773,-22,-9
669,651,-18,-11
518,514,-4,-11
385,373,-12,-10
242,236,-6,-8
145,143,-2,-6
68,77,9,-4
15,24,9,-3
0,0,0,-1
0,0,0,0
0,0,0,0
0,0,0,1
0,0,0,1
0,0,0,1
0,0,0,0
0,0,0,0
0,0,0,2
16,22,6,3
37,44,7,5
120,137,17,7
237,260,23,9
366,383,17,11
483,506,23,12
596,608,12,13
662,669,7,13
700,709,9,13
735,742,7,12
835,855,20,10
923,929,6,7
952,948,-4,4
961,954,-7,2
956,947,-9,0
935,924,-11,-2
883,875,-8,-5
842,827,-15,-7
733,715,-18,-10
595,583,-12,-10
461,447,-14,-9
313,300,-13,-9
187,188,1,-8
97,108,11,-6
48,43,-5,-5
0,0,0,-4
0,0,0,-2
0,0,0,-1
0,0,0,0
0,0,0,0
0,0,0,0
0,0,0,0
0,0,0,0
0,0,0,1
5,11,6,3
20,25,5,5
64,77,13,7
156,175,19,10
276,300,24,12
387,419,32,13
521,542,21,14
615,627,12,14
677,682,5,15
716,719,3,14
746,751,5,12
863,880,17,10
939,944,5,7
950,948,-2,3
956,950,-6,0
946,938,-8,-2
926,908,-18,-4
874,863,-11,-7
811,791,-20,-9
692,672,-20,-11
552,537,-15,-11
419,400,-19,-10
256,256,0,-9
147,159,12,-7
78,81,3,-5
20,30,10,-3
3,0,-3,-1
0,0,0,0
0,0,0,1
0,0,0,1
0,0,0,1
0,0,0,0
0,0,0,0
0,0,0,0
0,0,0,1
8,11,3,2
30,33,3,5
91,106,15,7
192,214,22,10
315,342,27,12
443,469,26,13
561,581,20,13
645,656,11,14
689,693,4,14
727,729,2,14
778,794,16,12
897,906,9,9
948,948,0,5
958,951,-7,2
958,949,-9,0
943,930,-13,-2
900,890,-10,-5
859,850,-9,-6
777,761,-16,-9
647,630,-17,-10
502,493,-9,-9
364,353,-11,-8
219,220,1,-8
122,128,6,-7
61,56,-5,-6
22,9,-13,-5
0,0,0,-3
0,0,0,-2
0,0,0,-2
0,0,0,-1
0,0,0,-1
0,0,0,-1
0,0,0,0
0,0,0,0
0,0,0,2
19,22,3,4
41,54,13,6
131,146,15,8
248,272,24,10
372,390,18,12
491,518,27,13
604,618,14,14
658,672,14,14
708,713,5,15
739,743,4,13
842,862,20,11
925,934,9,8
951,948,-3,5
957,951,-6,2
955,944,-11,0
933,925,-8,-3
883,873,-10,-5
840,814,-26,-7
717,703,-14,-10
580,570,-10,-9
449,439,-10,-8
295,290,-5,-6
173,182,9,-5
89,100,11,-3
30,41,11,-1
1,1,0,0
0,0,0,1
0,0,0,2
0,0,0,2
0,0,0,2
0,0,0,1
0,0,0,0
0,0,0,0
0,0,0,1
10,11,1,2
25,30,5,5
78,93,15,7
170,191,21,10
292,319,27,12
412,436,24,14
543,563,20,14
618,644,26,15
681,686,5,16
720,719,-1,15
751,762,11,13
882,897,15,10
948,949,1,6
956,952,-4,3
962,953,-9,0
949,938,-11,-4
919,899,-20,-6
870,855,-15,-8
800,776,-24,-10
669,653,-16,-12
531,517,-14,-11
387,381,-6,-11
240,244,4,-9
147,147,0,-6
76,74,-2,-4
11,26,15,-2
0,0,0,0
0,0,0,0
0,0,0,1
0,0,0,1
0,0,0,1
0,0,0,1
0,0,0,0
0,0,0,0
0,0,0,1
16,19,3,3
36,43,7,5
122,139,17,8
240,263,23,11
360,384,24,12
480,515,35,13
596,607,11,14
662,676,14,15
712,712,0,15
738,743,5,14
836,856,20,11
926,935,9,8
957,951,-6,4
966,957,-9,1
963,953,-10,-1
937,928,-9,-3
889,879,-10,-5
851,830,-21,-7
730,718,-12,-9
599,587,-12,-9
462,453,-9,-8
305,308,3,-7
190,192,2,-6
106,114,8,-5
48,43,-5,-3
4,1,-3,-2
0,0,0,0
0,0,0,0
0,0,0,0
0,0,0,0
0,0,0,0
0,0,0,0
0,0,0,0
0,0,0,1
9,10,1,2
27,32,5,4
69,84,15,7
162,181,19,9
286,310,24,12
403,429,26,13
535,557,22,13
623,640,17,13
685,686,1,14
731,726,-5,13
