power,signal,delta,filtered
40,137,97,21
45,145,100,24
168,168,0,26
131,147,16,28
129,147,18,30
98,149,51,28
222,258,36,26
287,245,-42,21
196,205,9,12
231,222,-9,8
206,200,-6,5
252,253,1,5
286,285,-1,3
263,281,18,1
168,187,19,3
251,236,-15,8
188,214,26,13
130,158,28,21
106,147,41,23
75,147,72,29
57,113,56,32
80,89,9,32
48,114,66,33
55,76,21,33
77,80,3,26
47,65,18,21
67,49,-18,16
85,66,-19,8
39,18,-21,3
0,6,6,0
28,20,-8,-8
35,30,-5,-9
82,77,-5,-6
159,86,-73,-1
114,155,41,1
105,152,47,6
96,175,79,5
152,132,-20,4
149,144,-5,2
243,234,-9,5
229,194,-35,4
213,205,-8,7
196,203,7,3
208,207,-1,-2
203,242,39,-5
280,258,-22,-4
279,255,-24,-3
215,230,15,-1
200,182,-18,0
170,196,26,1
140,116,-24,5
149,138,-11,7
62,136,74,7
150,184,34,10
94,125,31,10
174,142,-32,11
93,106,13,10
87,87,0,11
72,71,-1,10
78,70,-8,9
68,88,20,4
41,50,9,2
28,23,-5,0
15,12,-3,0
23,33,10,0
119,97,-22,3
110,86,-24,6
109,138,29,8
81,152,71,6
118,137,19,5
155,148,-7,5
199,169,-30,5
227,231,4,4
209,221,12,5
251,214,-37,3
197,212,15,0
213,215,2,-1
205,196,-9,-2
249,268,19,0
292,295,3,1
261,266,5,2
171,177,6,6
216,198,-18,12
104,157,53,11
70,100,30,14
73,127,54,13
187,153,-34,13
149,172,23,11
97,108,11,12
95,89,-6,9
66,60,-6,8
105,97,-8,3
77,77,0,-1
47,54,7,-5
71,43,-28,-5
35,17,-18,-7
14,2,-12,-7
30,9,-21,-8
30,49,19,-6
78,70,-8,-4
97,89,-8,-3
84,115,31,-1
153,148,-5,-1
115,142,27,0
152,145,-7,2
194,131,-63,0
139,204,65,-2
224,191,-33,0
227,208,-19,-2
220,207,-13,-2
179,195,16,-4
228,257,29,-6
294,262,-32,-6
278,252,-26,-6
238,237,-1,-10
191,172,-19,-11
196,190,-6,-12
190,145,-45,-12
158,130,-28,-15
154,162,8,-16
149,130,-19,-13
108,105,-3,-12
141,127,-14,-10
69,78,9,-10
62,68,6,-9
95,79,-16,-6
69,56,-13,-5
90,76,-14,-4
46,49,3,-1
17,24,7,0
20,27,7,4
18,56,38,6
111,113,2,5
30,83,53,6
147,143,-4,7
185,129,-56,5
112,152,40,6
200,167,-33,3
141,151,10,-2
211,214,3,-2
266,223,-43,-5
197,202,5,-7
207,208,1,-4
194,185,-9,-2
219,234,15,-1
265,269,4,3
283,285,2,6
236,269,33,8
180,207,27,13
117,178,61,14
220,176,-44,16
106,166,60,13
193,176,-17,15
101,137,36,9
176,125,-51,8
122,142,20,2
133,104,-29,1
100,100,0,-4
66,53,-13,-1
91,86,-5,-6
70,71,1,-5
51,60,9,-3
36,17,-19,1
27,34,7,5
6,52,46,10
64,85,21,9
52,119,67,9
135,119,-16,9
170,137,-33,8
118,120,2,11
199,175,-24,12
89,135,46,9
210,227,17,7
215,227,12,3
209,202,-7,2
193,202,9,6
224,219,-5,11
187,192,5,10
228,263,35,12
274,314,40,10
286,256,-30,9
157,191,34,10
184,186,2,14
156,158,2,15
145,170,25,17
144,172,28,17
80,145,65,15
127,110,-17,14
143,161,18,12
73,75,2,12
93,76,-17,10
71,70,-1,8
50,55,5,5
76,77,1,1
30,24,-6,-1
22,14,-8,-2
1,4,3,-4
14,11,-3,-1
111,98,-13,0
73,52,-21,1
62,126,64,4
161,139,-22,7
80,120,40,12
121,157,36,19
152,156,4,17
54,164,110,18
215,202,-13,20
238,218,-20,14
188,185,-3,13
224,220,-4,13
216,202,-14,9
266,268,2,9
263,288,25,9
271,289,18,0
192,233,41,3
208,216,8,11
240,156,-84,11
61,121,60,13
30,135,105,19
192,163,-29,20
136,150,14,20
75,109,34,24
85,167,82,19
83,82,-1,19
85,83,-2,19
95,73,-22,15
64,64,0,9
86,82,-4,11
53,59,6,9
21,44,23,6
18,36,18,3
39,53,14,6
126,101,-25,13
77,104,27,19
66,104,38,18
81,175,94,21
123,165,42,25
239,160,-79,22
68,146,78,23
186,231,45,26
219,208,-11,21
194,212,18,19
226,216,-10,17
196,204,8,10
194,205,11,11
244,257,13,12
289,292,3,9
240,263,23,10
173,172,-1,12
181,210,29,12
172,221,49,12
139,124,-15,12
189,209,20,9
166,138,-28,8
137,171,34,6
161,121,-40,6
120,112,-8,3
63,93,30,4
74,76,2,1
78,82,4,2
56,72,16,4
41,39,-2,5
27,37,10,5
0,20,20,11
16,16,0,13
97,109,12,14
23,78,55,19
96,111,15,20
95,143,48,21
146,183,37,29
153,145,-8,32
116,164,48,34
69,168,99,37
173,216,43,34
213,227,14,30
180,191,11,27
198,197,-1,23
174,189,15,18
281,248,-33,15
261,265,4,10
261,253,-8,8
211,210,-1,11
168,213,45,16
129,175,46,25
4,97,93,28
83,116,33,37
0,126,126,40
193,160,-33,42
12,133,121,41
200,154,-46,44
94,111,17,33
68,108,40,32
81,77,-4,22
72,73,1,17
91,100,9,12
70,67,-3,9
6,29,23,1
33,28,-5,6
68,45,-23,7
112,87,-25,11
36,99,63,16
51,107,56,24
123,193,70,28
116,155,39,35
78,162,84,39
112,158,46,41
177,225,48,41
208,240,32,40
203,180,-23,32
184,194,10,27
225,221,-4,22
206,200,-6,15
242,267,25,9
279,279,0,6
266,261,-5,3
157,171,14,4
205,209,4,6
165,168,3,6
110,138,28,9
138,147,9,8
173,172,-1,6
70,118,48,9
165,121,-44,8
96,108,12,4
55,90,35,7
119,87,-32,4
87,82,-5,1
69,82,13,2
42,44,2,0
34,32,-2,0
16,7,-9,2
28,26,-2,3
84,110,26,4
73,83,10,7
110,129,19,7
146,167,21,8
156,154,-2,12
176,187,11,14
128,133,5,16
150,217,67,16
210,227,17,15
224,225,1,12
219,223,4,9
218,216,-2,5
227,219,-8,4
303,256,-47,0
293,285,-8,-1
273,284,11,-6
229,183,-46,-9
180,232,52,-13
220,171,-49,-13
146,145,-1,-19
192,128,-64,-13
139,131,-8,-13
155,115,-40,-11
33,78,45,-11
124,107,-17,-7
63,77,14,-9
77,89,12,-4
62,59,-3,-4
70,75,5,-1
61,45,-16,0
46,26,-20,0
5,10,5,0
3,0,-3,1
51,60,9,3
69,99,30,6
101,105,4,6
77,128,51,11
126,145,19,13
202,173,-29,12
70,153,83,13
183,139,-44,13
228,221,-7,8
180,200,20,8
231,216,-15,6
202,214,12,2
231,210,-21,3
213,238,25,2
263,265,2,0
274,278,4,2
260,260,0,0
196,190,-6,-2
184,205,21,-2
188,120,-68,0
150,147,-3,0
135,145,10,3
110,166,56,4
148,143,-5,5
106,139,33,5
58,86,28,6
89,83,-6,5
100,82,-18,9
94,78,-16,11
74,75,1,10
22,56,34,8
11,38,27,8
23,31,8,7
45,53,8,9
95,97,2,15
72,101,29,23
99,136,37,30
103,159,56,34
65,165,100,39
87,138,51,42
105,149,44,42
173,246,73,44
226,238,12,42
216,222,6,36
203,217,14,30
205,205,0,22
203,195,-8,15
264,244,-20,9
277,279,2,6
265,289,24,6
211,182,-29,12
176,222,46,12
115,174,59,17
50,150,100,21
175,129,-46,25
94,130,36,25
101,160,59,28
57,82,25,24
143,122,-21,23
68,68,0,19
82,95,13,13
63,63,0,5
60,72,12,4
59,46,-13,1
44,8,-36,-4
11,2,-9,-7
5,17,12,-7
54,23,-31,-8
99,73,-26,-8
101,98,-3,-4
131,151,20,1
109,130,21,3
137,171,34,4
42,114,72,4
160,120,-40,4
264,228,-36,4
208,208,0,7
208,201,-7,6
186,192,6,2
214,213,-1,0
190,206,16,-3
259,259,0,-4
298,279,-19,-2
260,253,-7,0
169,181,12,4
195,189,-6,5
131,144,13,7
61,123,62,10
188,182,-6,12
121,163,42,14
135,143,8,19
142,174,32,16
66,95,29,16
100,94,-6,15
102,87,-15,13
69,68,-1,8
70,84,14,6
41,48,7,3
46,14,-32,2
19,24,5,0
21,33,12,0
101,107,6,-3
92,107,15,-2
185,148,-37,0
180,137,-43,0
95,125,30,5
102,163,61,10
178,172,-6,9
173,243,70,9
240,242,2,11
218,216,-2,8
224,222,-2,12
235,226,-9,13
206,198,-8,11
256,276,20,11
285,298,13,14
281,303,22,14
144,205,61,19
181,213,32,22
153,194,41,26
105,151,46,31
167,167,0,35
78,136,58,34
136,167,31,36
23,93,70,31
114,105,-9,28
42,69,27,23
107,84,-23,22
73,92,19,15
68,76,8,14
35,39,4,8
40,18,-22,5
8,20,12,3
11,7,-4,9
86,100,14,11
37,59,22,14
34,126,92,15
118,148,30,18
148,123,-25,19
99,133,34,26
127,138,11,28
135,182,47,26
147,207,60,25
212,218,6,21
229,222,-7,13
188,185,-3,12
198,205,7,10
272,231,-41,4
272,286,14,1
267,252,-15,0
244,217,-27,-5
203,215,12,-4
183,199,16,-2
83,94,11,2
187,165,-22,6
146,164,18,8
15,114,99,10
108,122,14,10
172,127,-45,8
73,84,11,9
110,103,-7,7
81,66,-15,1
89,95,6,1
67,53,-14,-1
69,37,-32,-5
9,25,16,-3
26,23,-3,0
28,61,33,0
88,96,8,3
130,113,-17,7
109,155,46,9
168,166,-2,12
87,161,74,13
183,158,-25,11
114,115,1,7
171,191,20,7
268,215,-53,4
189,192,3,4
226,226,0,3
195,202,7,0
231,257,26,-2
273,252,-21,-2
265,273,8,-2
261,253,-8,-5
199,185,-14,-6
176,190,14,-2
218,128,-90,-2
177,187,10,-3
46,121,75,0
189,182,-7,-2
124,139,15,-1
178,154,-24,2
90,92,2,2
54,83,29,4
89,77,-12,9
62,68,6,8
77,83,6,7
38,61,23,9
13,42,29,9
17,26,9,11
11,37,26,9
106,85,-21,7
60,86,26,5
135,103,-32,4
144,142,-2,1
168,148,-20,2
144,131,-13,3
85,115,30,3
220,241,21,3
155,219,64,4
237,199,-38,5
190,203,13,6
211,217,6,9
196,193,-3,10
244,254,10,10
288,284,-4,11
260,296,36,10
177,172,-5,8
178,239,61,10
195,193,-2,8
187,163,-24,4
126,156,30,4
202,141,-61,5
130,135,5,3
172,153,-19,3
54,108,54,0
75,87,12,-1
78,62,-16,-1
84,68,-16,0
56,69,13,0
28,30,2,3
26,29,3,1
13,13,0,3
18,13,-5,2
103,96,-7,3
28,58,30,6
84,114,30,5
124,126,2,5
129,142,13,7
207,169,-38,7
87,114,27,6
148,187,39,8
228,205,-23,6
231,227,-4,4
185,191,6,3
216,231,15,5
210,204,-6,7
272,258,-14,7
242,302,60,8
248,268,20,12
251,213,-38,14
162,230,68,18
105,164,59,22
154,160,6,23
96,120,24,24
113,133,20,31
41,115,74,31
154,117,-37,31
3,130,127,30
63,74,11,30
91,86,-5,21
60,69,9,22
63,70,7,18
86,88,2,13
62,54,-8,9
29,15,-14,9
20,29,9,4
26,38,12,5
62,76,14,6
65,89,24,5
96,111,15,7
135,151,16,5
194,165,-29,3
104,145,41,2
177,110,-67,1
229,212,-17,-3
235,243,8,-2
208,199,-9,-5
193,204,11,-7
230,212,-18,-7
192,199,7,-9
275,263,-12,-8
280,277,-3,-5
297,249,-48,-8
169,191,22,-10
187,195,8,-5
235,147,-88,-5
111,137,26,1
45,105,60,6
116,147,31,8
105,169,64,12
152,145,-7,15
75,115,40,12
107,106,-1,15
106,78,-28,15
86,81,-5,12
84,91,7,8
58,61,3,5
39,32,-7,3
24,35,11,5
32,62,30,4
117,120,3,0
78,123,45,0
152,119,-33,-2
191,120,-71,-7
177,158,-19,-10
163,144,-19,-11
211,188,-23,-15
230,183,-47,-17
205,222,17,-17
232,225,-7,-14
212,222,10,-10
214,209,-5,-7
222,263,41,-7
279,273,-6,-4
326,272,-54,-5
276,256,-20,-4
170,203,33,-7
249,208,-41,-5
153,138,-15,-1
198,157,-41,5
85,169,84,11
57,144,87,20
62,108,46,25
40,124,84,28
37,75,38,30
73,85,12,30
79,61,-18,29
75,71,-4,26
54,56,2,18
54,41,-13,10
30,26,-4,7
0,10,10,6
15,17,2,9
72,105,33,10
16,78,62,12
102,149,47,15
164,151,-13,17
194,181,-13,24
91,129,38,27
129,167,38,29
97,186,89,29
218,211,-7,27
199,241,42,21
191,207,16,19
210,201,-9,16
205,202,-3,15
283,251,-32,11
276,270,-6,6
260,288,28,1
234,222,-12,0
202,225,23,-3
200,163,-37,0
103,103,0,1
113,115,2,6
77,138,61,8
152,164,12,11
88,108,20,8
125,132,7,10
47,67,20,8
89,71,-18,9
66,57,-9,6
76,79,3,4
66,62,-4,-1
64,42,-22,-2
27,15,-12,0
30,13,-17,0
8,44,36,1
60,105,45,0
78,88,10,0
109,122,13,0
234,146,-88,4
98,109,11,2
172,194,22,3
84,134,50,-1
260,209,-51,-5
271,244,-27,-10
227,203,-24,-8
223,226,3,-7
225,204,-21,-3
184,200,16,-2
247,257,10,0
273,280,7,0
223,257,34,9
150,182,32,15
183,198,15,19
112,171,59,22
101,133,32,25
131,153,22,26
104,114,10,27
149,165,16,25
78,142,64,22
112,105,-7,18
102,84,-18,15
70,71,1,14
87,86,-1,11
59,80,21,9
27,58,31,9
30,25,-5,7
25,22,-3,6
32,47,15,8
101,111,10,6
79,102,23,1
138,130,-8,-1
207,157,-50,-6
202,151,-51,-7
127,127,0,-7
182,159,-23,-8
167,195,28,-11
229,215,-14,-11
220,219,-1,-11
239,223,-16,-8
208,210,2,-3
224,240,16,1
288,275,-13,3
281,313,32,4
240,249,9,5
177,196,19,3
200,207,7,6
144,138,-6,7
149,111,-38,10
100,158,58,11
163,157,-6,10
52,111,59,3
136,145,9,2
144,93,-51,-2
125,95,-30,-2
83,57,-26,-1
79,76,-3,-2
61,65,4,-4
44,49,5,-4
4,13,9,-7
16,25,9,-3
23,22,-1,2
100,81,-19,8
0,61,61,7
111,129,18,6
90,133,43,0
201,121,-80,2
124,117,-7,0
216,137,-79,0
119,216,97,-2
221,195,-26,0
236,208,-28,-8
179,204,25,-3
198,196,-2,-4
203,205,2,-2
231,250,19,-1
316,282,-34,-1
265,269,4,-8
209,168,-41,-1
203,198,-5,0
161,138,-23,2
51,139,88,3
171,188,17,3
156,173,17,0
173,173,0,2
155,117,-38,2
101,77,-24,3
83,79,-4,2
80,87,7,0
55,58,3,-5
97,82,-15,-7
45,43,-2,-7
37,29,-8,-4
24,12,-12,0
23,31,8,7
71,103,32,15
28,59,31,22
51,144,93,25
73,142,69,31
45,112,67,31
155,141,-14,33
119,152,33,27
129,120,-9,23
202,213,11,15
315,231,-84,9
187,177,-10,-1
205,209,4,-3
205,189,-16,-9
266,260,-6,-8
252,270,18,-7
270,258,-12,-6
230,243,13,-2
178,192,14,2
176,159,-17,3
39,97,58,0
179,143,-36,2
100,121,21,3
252,160,-92,7
53,107,54,5
72,137,65,7
43,69,26,3
111,85,-26,4
73,56,-17,3
62,73,11,4
72,77,5,2
59,54,-5,4
46,19,-27,0
32,31,-1,-1
37,37,0,4
103,101,-2,10
36,95,59,18
65,141,76,23
97,139,42,23
72,163,91,26
144,147,3,30
200,168,-32,27
182,212,30,27
219,224,5,25
213,226,13,15
212,207,-5,11
206,204,-2,6
219,208,-11,1
246,263,17,1
299,303,4,1
271,257,-14,-5
157,165,8,-8
227,186,-41,-8
189,142,-47,-6
143,117,-26,0
62,102,40,1
101,149,48,3
85,149,64,4
102,96,-6,8
76,83,7,10
73,81,8,15
72,87,15,13
72,83,11,11
71,69,-2,7
106,58,-48,3
47,47,0,1
23,28,5,6
2,28,26,5
47,71,24,6
23,69,46,4
118,111,-7,6
143,149,6,14
167,132,-35,25
93,131,38,28
3,133,130,31
83,163,80,30
166,181,15,27
219,229,10,25
208,198,-10,28
205,210,5,27
233,211,-22,24
195,256,61,17
266,271,5,11
288,256,-32,6
225,246,21,12
203,223,20,14
161,192,31,14
79,154,75,13
159,136,-23,14
121,130,9,13
189,157,-32,21
73,109,36,22
113,171,58,23
25,99,74,20
89,88,-1,18
70,77,7,15
72,60,-12,18
62,83,21,16
36,43,7,17
17,15,-2,12
14,22,8,8
27,31,4,4
85,97,12,3
70,71,1,3
129,123,-6,4
159,155,-4,4
174,167,-7,11
123,162,39,17
142,143,1,18
76,211,135,19
208,246,38,22
240,221,-19,18
198,206,8,22
234,234,0,22
199,199,0,19
251,282,31,12
278,263,-15,8
252,260,8,-4
240,185,-55,-2
217,232,15,0
219,145,-74,7
40,129,89,8
118,169,51,13
83,167,84,10
144,138,-6,17
95,98,3,18
110,115,5,23
46,86,40,22
77,88,11,22
70,65,-5,12
52,65,13,7
78,52,-26,1
45,24,-21,1
10,4,-6,3
14,16,2,4
24,48,24,4
62,80,18,2
79,126,47,3
147,152,5,2
190,139,-51,4
123,149,26,5
178,137,-41,3
66,116,50,0
220,194,-26,-1
240,200,-40,-6
196,210,14,-4
229,215,-14,-2
191,199,8,0
229,256,27,2
263,273,10,5
272,300,28,6
253,251,-2,10
196,221,25,16
177,205,28,16
121,120,-1,15
39,121,82,15
195,139,-56,16
127,139,12,17
79,103,24,21
139,164,25,18
42,123,81,17
105,105,0,16
85,70,-15,12
65,68,3,9
80,75,-5,9
59,52,-7,6
36,16,-20,3
46,34,-12,0
16,46,30,0
97,84,-13,0
121,134,13,0
88,125,37,1
145,116,-29,5
143,163,20,8
162,144,-18,13
89,160,71,13
165,195,30,15
222,220,-2,13
196,221,25,14
206,211,5,14
230,229,-1,15
181,195,14,14
260,275,15,13
277,295,18,8
265,257,-8,10
186,194,8,10
212,195,-17,12
84,159,75,14
163,163,0,18
120,151,31,14
120,158,38,18
161,183,22,19
156,122,-34,19
21,87,66,18
84,94,10,20
76,80,4,12
73,62,-11,12
49,71,22,10
40,37,-3,7
11,8,-3,6
7,17,10,7
10,9,-1,2
56,72,16,2
89,78,-11,0
135,129,-6,0
122,136,14,7
216,164,-52,10
81,118,37,14
13,141,128,19
136,135,-1,18
121,179,58,16
216,223,7,21
206,193,-13,17
212,207,-5,18
216,220,4,18
269,262,-7,12
253,282,29,4
274,264,-10,2
238,233,-5,-1
201,203,2,0
203,179,-24,-1
98,108,10,-2
152,168,16,-2
185,151,-34,-3
138,131,-7,-3
152,146,-6,-1
135,158,23,-2
79,84,5,-1
122,117,-5,-2
84,80,-4,-3
106,104,-2,-2
88,69,-19,-1
65,51,-14,0
25,43,18,2
37,41,4,2
44,74,30,5
89,104,15,9
93,100,7,14
108,164,56,19
178,191,13,21
89,157,68,19
186,203,17,18
142,124,-18,14
236,210,-26,10
227,224,-3,7
217,205,-12,5
244,222,-22,2
201,208,7,0
271,285,14,-3
267,300,33,-3
254,249,-5,-2
275,245,-30,-2
171,185,14,3
227,199,-28,7
127,128,1,11
54,140,86,11
152,174,22,10
83,143,60,7
222,157,-65,10
154,173,19,8
104,95,-9,10
120,112,-8,7
75,68,-7,5
91,97,6,-1
74,73,-1,-4
56,52,-4,-6
43,24,-19,-1
37,24,-13,-3
39,61,22,-2
91,117,26,-4
155,118,-37,-4
176,181,5,0
208,150,-58,2
125,164,39,2
40,112,72,8
151,142,-9,7
213,221,8,5
181,216,35,7
230,209,-21,8
216,208,-8,8
226,229,3,9
254,268,14,2
276,283,7,-3
274,235,-39,-4
243,221,-22,-8
214,198,-16,-8
197,197,0,-4
158,116,-42,-3
71,115,44,-4
84,136,52,-5
175,154,-21,-6
163,154,-9,-3
211,154,-57,0
73,93,20,-2
80,95,15,0
79,59,-20,0
73,72,-1,-3
63,77,14,-4
39,51,12,-2
22,4,-18,-3
24,19,-5,-3
39,46,7,-6
123,91,-32,-9
111,82,-29,-10
156,127,-29,-9
162,154,-8,-9
178,159,-19,-7
97,137,40,-1
147,153,6,1
162,201,39,3
189,235,46,7
206,197,-9,8
202,216,14,10
240,218,-22,9
195,192,-3,5
248,262,14,3
329,286,-43,0
277,264,-13,0
153,179,26,2
222,209,-13,6
79,160,81,9
163,156,-7,14
79,158,79,14
109,127,18,18
184,170,-14,18
57,94,37,19
134,109,-25,16
83,99,16,12
98,96,-2,7
95,82,-13,3
80,80,0,-2
78,57,-21,-3
45,40,-5,-2
35,21,-14,-1
19,30,11,0
55,82,27,0
81,92,11,1
106,114,8,4
176,178,2,8
134,142,8,12
141,168,27,13
113,140,27,13
132,165,33,13
230,215,-15,11
217,211,-6,10
190,216,26,10
205,205,0,9
223,217,-6,7
280,290,10,5
283,275,-8,4
273,284,11,4
239,241,2,7
202,218,16,12
169,187,18,14
77,108,31,13
40,121,81,11
148,145,-3,6
174,129,-45,3
142,116,-26,3
203,136,-67,1
44,72,28,-2
111,107,-4,-3
54,58,4,-11
89,86,-3,-14
65,53,-12,-13
58,30,-28,-9
41,31,-10,-6
53,42,-11,-4
60,76,16,-6
89,88,-1,-5
114,102,-12,-6
159,151,-8,-3
165,171,6,0
142,138,-4,2
117,149,32,5
146,163,17,6
216,214,-2,5
202,237,35,6
228,220,-8,8
216,212,-4,8
232,231,-1,9
269,284,15,7
277,292,15,4
270,269,-1,0
262,249,-13,0
207,206,-1,-3
270,204,-66,-1
42,90,48,-1
162,123,-39,1
75,123,48,0
162,171,9,7
156,169,13,8
131,180,49,12
47,87,40,13
87,99,12,15
109,91,-18,14
95,94,-1,14
80,92,12,9
64,65,1,7
33,23,-10,3
44,32,-12,1
40,46,6,2
95,79,-16,5
61,105,44,7
114,144,30,8
115,150,35,8
159,159,0,7
187,171,-16,6
112,148,36,6
266,201,-65,5
233,237,4,0
210,211,1,0
234,224,-10,-5
225,201,-24,-8
226,262,36,-9
316,276,-40,-8
295,275,-20,-13
284,273,-11,-12
202,208,6,-12
235,190,-45,-11
225,162,-63,-8
78,130,52,-4
140,157,17,1
115,169,54,4
178,170,-8,9
57,143,86,8
102,100,-2,11
96,74,-22,10
92,78,-14,14
58,56,-2,9
91,80,-11,4
34,54,20,0
32,17,-15,-1
29,21,-8,-7
38,33,-5,-5
120,97,-23,0
64,79,15,0
121,110,-11,2
81,166,85,1
221,192,-29,2
123,123,0,0
158,151,-7,2
248,233,-15,0
216,215,-1,0
244,224,-20,-1
224,228,4,-3
219,224,5,-6
236,212,-24,-4
250,265,15,-5
313,306,-7,-3
260,271,11,-4
219,187,-32,-4
200,209,9,-7
163,166,3,-5
149,116,-33,-9
171,125,-46,-7
102,153,51,-6
190,127,-63,-4
71,111,40,-7
95,95,0,-1
65,86,21,-4
95,81,-14,-3
93,85,-8,-2
66,72,6,0
78,42,-36,-1
15,30,15,1
12,17,5,2
26,22,-4,3
57,99,42,4
74,72,-2,8
96,138,42,13
158,149,-9,18
90,131,41,15
99,165,66,16
105,134,29,14
238,148,-90,12
160,185,25,8
241,230,-11,9
183,194,11,3
238,224,-14,5
198,205,7,2
257,265,8,0
269,299,30,0
254,266,12,4
261,239,-22,0
200,196,-4,-1
214,230,16,-1
209,135,-74,-1
127,137,10,-1
142,140,-2,4
80,113,33,1
109,133,24,3
117,172,55,4
101,93,-8,5
111,96,-15,5
86,75,-11,8
56,67,11,5
86,82,-4,3
65,51,-14,1
29,3,-26,1
18,27,9,-1
21,57,36,3
87,107,20,2
92,79,-13,2
58,106,48,2
191,138,-53,4
162,171,9,0
187,175,-12,3
164,193,29,-2
262,202,-60,-5
258,271,13,-9
237,215,-22,-6
247,233,-14,-9
221,212,-9,-4
221,238,17,-5
280,283,3,-4
287,305,18,-7
303,279,-24,-6
204,205,1,-6
264,221,-43,-6
218,190,-28,-6
108,133,25,0
198,160,-38,3
88,129,41,4
68,144,76,9
52,99,47,10
88,93,5,11
49,62,13,15
114,99,-15,15
86,80,-6,13
49,59,10,13
65,46,-19,7
2,26,24,4
20,9,-11,5
19,17,-2,8
40,90,50,16
42,73,31,22
55,110,55,25
63,158,95,32
147,168,21,32
120,134,14,32
75,154,79,34
219,167,-52,32
171,214,43,23
233,224,-9,22
198,208,10,15
237,225,-12,10
213,204,-9,7
222,283,61,4
313,283,-30,2
303,295,-8,3
264,259,-5,4
225,233,8,8
195,237,42,8
191,181,-10,12
56,137,81,18
182,149,-33,23
74,129,55,27
42,136,94,35
77,129,52,33
67,108,41,31
89,98,9,29
65,49,-16,25
84,84,0,20
68,70,2,19
63,52,-11,11
15,22,7,3
22,23,1,-2
42,42,0,-5
142,112,-30,-3
106,81,-25,0
116,119,3,2
106,163,57,4
159,180,21,9
154,168,14,10
103,124,21,13
173,218,45,15
231,238,7,17
212,215,3,16
217,221,4,17
196,207,11,14
221,215,-6,14
244,274,30,15
278,301,23,17
272,300,28,19
173,198,25,21
147,201,54,22
125,187,62,26
215,196,-19,29
135,151,16,34
90,152,62,39
78,128,50,36
29,108,79,33
38,82,44,30
124,103,-21,24
84,73,-11,19
96,89,-7,17
67,65,-2,13
64,41,-23,8
39,36,-3,6
14,32,18,2
9,36,27,-1
94,133,39,0
97,69,-28,2
145,103,-42,5
155,176,21,9
153,174,21,16
122,179,57,18
146,153,7,19
124,212,88,19
213,237,24,22
235,237,2,22
210,232,22,25
216,227,11,23
209,213,4,19
284,275,-9,13
286,316,30,13
279,279,0,13
253,209,-44,15
171,253,82,18
152,205,53,20
133,186,53,17
119,140,21,19
164,145,-19,16
179,180,1,12
77,86,9,11
158,114,-44,8
99,77,-22,0
88,94,6,-2
70,62,-8,-6
68,79,11,-6
48,46,-2,-4
48,41,-7,-3
10,21,11,2
17,21,4,7
55,74,19,7
45,103,58,6
94,111,17,5
175,138,-37,0
192,163,-29,-1
149,139,-10,-1
202,127,-75,-5
160,191,31,-9
204,211,7,-9
284,253,-31,-15
226,218,-8,-15
211,216,5,-14
243,225,-18,-16
289,272,-17,-17
315,259,-56,-14
316,289,-27,-15
287,255,-32,-12
200,217,17,-6
150,190,40,-1
171,183,12,0
82,155,73,3
156,153,-3,9
169,183,14,11
177,155,-22,14
108,139,31,12
117,120,3,10
119,96,-23,4
89,82,-7,1
112,106,-6,-2
78,71,-7,-4
50,44,-6,-4
37,24,-13,-1
56,45,-11,-4
96,130,34,-2
85,100,15,0
159,123,-36,1
160,186,26,4
162,164,2,7
126,166,40,6
158,160,2,8
245,256,11,7
248,248,0,6
267,253,-14,5
220,236,16,3
259,251,-8,1
227,224,-3,0
344,307,-37,-4
307,315,8,-7
299,304,5,-5
253,209,-44,-7
268,259,-9,-4
146,181,35,-2
174,157,-17,2
111,152,41,3
149,156,7,5
64,127,63,2
133,102,-31,3
158,113,-45,2
87,87,0,3
101,91,-10,-1
67,74,7,-4
86,69,-17,-6
75,55,-20,-8
54,42,-12,-5
22,27,5,0
22,33,11,4
59,125,66,8
78,98,20,13
123,140,17,13
145,180,35,16
156,182,26,14
152,140,-12,15
151,148,-3,14
272,213,-59,11
182,253,71,6
252,241,-11,6
239,238,-1,0
221,223,2,0
251,244,-7,0
306,284,-22,0
311,330,19,4
298,322,24,9
268,236,-32,7
170,254,84,14
226,237,11,21
127,158,31,20
66,152,86,28
148,163,15,31
179,179,0,29
15,85,70,31
105,129,24,32
97,101,4,24
98,99,1,23
51,77,26,18
101,101,0,12
61,50,-11,9
42,41,-1,9
36,37,1,4
37,37,0,4
89,121,32,9
109,82,-27,11
85,133,48,11
123,188,65,16
163,163,0,16
110,133,23,18
125,149,24,18
182,189,7,15
236,256,20,14
276,230,-46,13
196,216,20,6
238,245,7,5
218,221,3,5
301,270,-31,3
283,318,35,0
253,293,40,-2
264,226,-38,-7
259,223,-36,-5
217,185,-32,-6
152,120,-32,-7
106,134,28,-8
153,130,-23,-7
137,170,33,-10
94,70,-24,-8
151,138,-13,-6
72,91,19,-1
85,91,6,0
78,81,3,-1
80,68,-12,-3
95,78,-17,-4
60,46,-14,-6
37,27,-10,-6
35,27,-8,-3
76,69,-7,-3
110,93,-17,0
71,130,59,0
156,162,6,5
130,171,41,8
181,157,-24,12
182,213,31,14
94,138,44,17
241,233,-8,15
226,271,45,13
230,209,-21,11
247,250,3,10
247,231,-16,12
300,308,8,11
257,300,43,9
288,314,26,3
291,290,-1,0
266,244,-22,-2
261,207,-54,-3
213,189,-24,-6
148,168,20,-9
195,156,-39,-11
156,141,-15,-16
169,129,-40,-14
87,114,27,-14
83,70,-13,-10
78,90,12,-8
81,65,-16,-5
79,84,5,-4
74,72,-2,0
62,60,-2,1
2,31,29,1
19,25,6,3
40,46,6,3
128,87,-41,0
55,106,51,1
125,122,-3,3
212,150,-62,2
122,151,29,3
144,159,15,4
98,133,35,1
204,200,-4,3
226,231,5,3
222,214,-8,2
213,215,2,4
248,232,-16,8
209,223,14,7
269,289,20,8
272,306,34,9
282,290,8,10
191,215,24,15
198,232,34,16
226,205,-21,12
62,150,88,9
201,162,-39,10
197,140,-57,4
169,136,-33,5
80,134,54,5
92,93,1,3
82,101,19,0
83,87,4,2
59,69,10,0
100,83,-17,4
42,58,16,7
27,33,6,4
16,28,12,-2
43,42,-1,-8
203,128,-75,-11
69,54,-15,-15
198,121,-77,-12
113,131,18,-16
170,139,-31,-12
105,161,56,-13
217,168,-49,-9
193,252,59,-8
218,221,3,1
238,238,0,0
209,212,3,8
227,230,3,7
221,220,-1,8
241,275,34,5
310,298,-12,8
277,297,20,2
219,193,-26,6
210,237,27,4
195,171,-24,8
81,128,47,9
157,129,-28,11
92,153,61,9
121,156,35,15
76,70,-6,14
84,105,21,16
53,84,31,17
77,81,4,15
89,89,0,12
56,75,19,12
92,76,-16,8
45,38,-7,10
15,35,20,13
18,22,4,14
9,89,80,13
76,89,13,15
76,100,24,16
138,134,-4,19
195,203,8,18
87,151,64,18
154,150,-4,16
190,167,-23,10
190,195,5,6
223,221,-2,5
238,227,-11,4
248,242,-6,5
208,221,13,5
260,293,33,2
289,296,7,5
303,312,9,9
297,289,-8,11
215,251,36,13
202,248,46,16
155,160,5,17
169,180,11,17
160,183,23,11
101,124,23,7
168,174,6,4
248,155,-93,1
96,81,-15,-2
84,91,7,-4
80,73,-7,-7
67,73,6,-9
104,90,-14,-11
54,58,4,-9
49,26,-23,-5
37,27,-10,-3
16,60,44,-2
77,83,6,-2
107,59,-48,-4
114,123,9,-2
178,180,2,0
162,138,-24,2
116,147,31,6
149,156,7,8
147,220,73,5
222,214,-8,8
207,209,2,9
236,242,6,11
225,212,-13,9
214,241,27,8
289,277,-12,6
309,309,0,6
303,281,-22,6
199,222,23,10
180,237,57,13
116,138,22,18
137,192,55,20
137,138,1,21
69,152,83,21
202,177,-25,22
139,155,16,18
121,109,-12,17
107,108,1,11
112,95,-17,7
104,111,7,3
77,88,11,1
84,69,-15,-2
51,54,3,-1
56,45,-11,1
58,71,13,3
108,110,2,5
118,157,39,5
146,171,25,9
181,184,3,8
213,193,-20,12
136,194,58,14
210,194,-16,15
182,229,47,12
250,263,13,13
243,231,-12,8
240,239,-1,6
242,244,2,6
316,319,3,5
322,288,-34,2
282,313,31,0
281,267,-14,-5
224,250,26,-14
266,215,-51,-15
199,147,-52,-23
252,155,-97,-29
170,179,9,-35
230,141,-89,-37
174,100,-74,-42
174,132,-42,-38
84,72,-12,-38
61,73,12,-33
70,64,-6,-27
63,64,1,-21
62,49,-13,-18
44,28,-16,-12
22,14,-8,-5
16,11,-5,-3
43,43,0,2
39,75,36,4
112,80,-32,6
0,110,110,5
144,125,-19,12
122,137,15,8
188,152,-36,12
74,141,67,9
256,212,-44,9
232,236,4,2
238,228,-10,5
206,210,4,-1
243,228,-15,0
215,244,29,-2
299,287,-12,-2
305,316,11,-9
326,279,-47,-10
222,207,-15,-11
267,222,-45,-5
219,180,-39,0
80,124,44,0
102,169,67,4
75,189,114,8
237,143,-94,12
60,122,62,14
79,110,31,24
93,106,13,21
90,93,3,23
54,79,25,19
94,87,-7,14
33,54,21,9
31,37,6,12
17,23,6,5
25,19,-6,1
116,104,-12,2
113,99,-14,4
156,118,-38,6
72,150,78,8
144,158,14,15
106,161,55,18
166,177,11,24
150,244,94,25
191,240,49,28
222,219,-3,27
239,232,-7,30
223,225,2,26
214,234,20,25
243,285,42,24
291,295,4,25
271,306,35,24
204,259,55,25
179,229,50,27
146,193,47,30
177,171,-6,29
146,172,26,29
102,152,50,28
196,169,-27,26
67,117,50,21
117,109,-8,18
78,103,25,11
70,73,3,10
110,87,-23,8
94,98,4,6
55,58,3,4
25,38,13,2
24,21,-3,0
36,39,3,4
124,93,-31,4
86,83,-3,6
31,141,110,11
191,164,-27,7
111,137,26,3
114,150,36,8
258,164,-94,5
219,233,14,4
205,233,28,8
246,235,-11,2
202,208,6,-2
241,241,0,0
233,221,-12,-1
253,271,18,0
318,315,-3,4
311,315,4,4
197,210,13,6
251,246,-5,6
160,200,40,4
99,123,24,5
223,195,-28,5
149,125,-24,3
177,186,9,4
109,128,19,3
115,97,-18,2
64,78,14,1
61,64,3,0
67,70,3,0
60,66,6,1
59,52,-7,3
19,27,8,6
16,9,-7,9
17,30,13,9
34,103,69,7
52,81,29,9
136,97,-39,9
176,149,-27,8
130,179,49,12
112,132,20,13
190,159,-31,12
125,182,57,11
163,180,17,10
226,240,14,7
216,206,-10,11
210,227,17,10
233,226,-7,6
287,287,0,3
287,283,-4,4
286,274,-12,-3
265,249,-16,-7
226,246,20,-7
257,193,-64,-6
137,113,-24,-6
74,98,24,-3
89,121,32,-3
130,153,23,0
184,153,-31,1
135,152,17,3
63,107,44,4
129,114,-15,5
76,74,-2,3
107,96,-11,1
104,78,-26,-2
38,39,1,-2
40,23,-17,-2
42,32,-10,-4
75,112,37,-3
94,67,-27,0
138,147,9,-3
130,167,37,0
199,199,0,-2
182,138,-44,-1
208,203,-5,1
226,202,-24,2
214,252,38,0
221,245,24,2
220,208,-12,-2
246,252,6,-2
229,222,-7,0
313,277,-36,0
270,306,36,2
306,312,6,2
261,228,-33,0
207,250,43,-1
222,190,-32,0
112,140,28,-5
175,144,-31,-3
166,154,-12,-5
191,157,-34,-7
99,106,7,-9
128,113,-15,-7
119,109,-10,-10
96,90,-6,-7
98,100,2,-7
95,97,2,-4
56,59,3,-2
33,45,12,0
28,28,0,2
16,21,5,9
93,100,7,15
61,94,33,16
38,130,92,15
113,153,40,13
159,126,-33,12
199,162,-37,17
157,125,-32,18
137,191,54,17
119,208,89,16
245,230,-15,10
200,198,-2,2
229,229,0,5
225,211,-14,8
287,260,-27,8
267,307,40,8
269,292,23,5
246,217,-29,1
221,238,17,11
166,167,1,20
116,153,37,22
20,154,134,25
93,153,60,25
165,156,-9,22
128,107,-21,23
137,125,-12,24
51,76,25,21
105,104,-1,17
67,76,9,11
79,84,5,3
50,50,0,0
30,31,1,3
29,15,-14,9
10,19,9,11
44,93,49,14
0,64,64,18
116,117,1,18
84,117,33,19
62,108,46,20
152,142,-10,21
162,177,15,21
163,134,-29,22
154,218,64,15
208,216,8,12
218,234,16,8
249,215,-34,7
201,211,10,5
286,280,-6,7
291,302,11,4
277,293,16,6
256,266,10,6
219,204,-15,7
203,224,21,7
103,156,53,10
144,159,15,6
211,178,-33,4
151,160,9,4
175,126,-49,4
179,185,6,2
75,104,29,4
92,100,8,1
73,73,0,-2
79,81,2,-1
71,80,9,0
75,44,-31,0
14,28,14,3
32,19,-13,7
39,53,14,7
76,105,29,7
38,100,62,8
120,129,9,7
234,206,-28,7
144,159,15,11
184,141,-43,10
111,156,45,8
156,178,22,7
237,220,-17,2
221,222,1,0
245,229,-16,0
214,227,13,-1
302,288,-14,-2
312,295,-17,-3
299,286,-13,-5
270,274,4,-4
231,217,-14,-2
178,191,13,-6
119,144,25,-5
133,136,3,-5
227,143,-84,-3
128,152,24,-1
139,139,0,2
100,136,36,0
61,72,11,1
67,56,-11,0
40,54,14,0
63,53,-10,0
86,84,-2,0
40,36,-4,0
43,5,-38,-6
17,14,-3,-9
9,15,6,-9
138,69,-69,-9
51,75,24,-7
115,102,-13,1
154,185,31,1
118,159,41,5
71,138,67,10
137,125,-12,11
223,219,-4,11
183,216,33,16
230,212,-18,13
201,208,7,12
237,232,-5,10
215,214,-1,6
242,275,33,7
298,293,-5,8
294,303,9,10
176,235,59,8
221,201,-20,6
138,185,47,1
237,169,-68,4
120,107,-13,1
224,168,-56,3
34,103,69,3
124,126,2,4
80,108,28,-2
59,85,26,2
106,88,-18,2
94,76,-18,6
74,90,16,9
14,45,31,12
36,29,-7,7
24,27,3,8
3,37,34,12
100,93,-7,15
39,70,31,14
67,131,64,13
102,152,50,7
234,161,-73,3
167,125,-42,1
180,143,-37,0
206,207,1,-4
203,201,-2,-5
257,247,-10,-10
198,195,-3,-14
223,231,8,-13
220,202,-18,-7
274,257,-17,-6
262,278,16,-2
285,303,18,3
248,199,-49,5
206,238,32,8
98,210,112,13
145,129,-16,14
173,192,19,12
127,152,25,11
125,144,19,6
170,125,-45,4
182,103,-79,2
91,93,2,-2
77,87,10,-8
67,60,-7,-9
102,85,-17,-9
65,57,-8,-7
15,39,24,-3
13,27,14,0
13,28,15,1
65,104,39,0
91,49,-42,-2
144,110,-34,-3
174,168,-6,2
174,139,-35,0
111,129,18,-4
111,175,64,-8
224,177,-47,-11
234,208,-26,-15
289,232,-57,-10
220,219,-1,-10
219,206,-13,-7
223,228,5,-3
280,271,-9,-4
271,308,37,-1
243,300,57,5
258,230,-28,14
190,251,61,19
198,207,9,26
43,149,106,26
205,175,-30,29
82,144,62,26
148,165,17,30
76,71,-5,26
106,123,17,26
3,68,65,22
68,80,12,18
72,43,-29,10
62,74,12,10
58,46,-12,5
51,33,-18,2
7,5,-2,3
24,4,-20,5
0,27,27,6
51,80,29,9
28,81,53,14
23,93,70,17
150,124,-26,21
133,180,47,26
148,157,9,33
112,152,40,30
166,240,74,29
172,202,30,25
232,203,-29,19
190,197,7,16
219,220,1,17
192,187,-5,12
254,264,10,12
288,295,7,12
291,294,3,11
153,191,38,13
190,246,56,16
120,162,42,14
172,174,2,12
160,160,0,12
229,184,-45,11
150,145,-5,9
125,133,8,7
113,119,6,1
77,93,16,-2
111,85,-26,-4
73,69,-4,-5
72,73,1,-4
43,42,-1,-2
37,14,-23,-3
19,23,4,-4
23,22,-1,-4
114,110,-4,-5
60,57,-3,-5
152,137,-15,-6
159,162,3,-7
193,169,-24,-6
156,144,-12,-6
178,175,-3,-6
212,225,13,-5
245,229,-16,-4
218,208,-10,-3
202,230,28,0
224,218,-6,1
205,208,3,3
243,265,22,7
294,314,20,9
283,292,9,15
185,212,27,24
199,218,19,27
100,203,103,30
51,140,89,35
209,183,-26,34
71,140,69,35
121,137,16,36
63,68,5,30
44,95,51,27
81,58,-23,21
79,68,-11,10
37,38,1,5
77,61,-16,3
57,47,-10,-1
28,16,-12,-1
0,6,6,-4
5,0,-5,-3
6,27,21,-1
114,67,-47,1
29,103,74,3
117,110,-7,4
135,158,23,2
167,174,7,2
160,106,-54,0
152,176,24,-2
280,230,-50,-1
227,238,11,-4
225,201,-24,-4
206,218,12,-6
234,226,-8,-5
198,223,25,-4
276,272,-4,1
289,291,2,0
293,302,9,0
185,210,25,-4
226,196,-30,-3
201,150,-51,-3
193,146,-47,-5
96,131,35,-6
85,137,52,-4
201,121,-80,-5
109,141,32,-5
65,80,15,0
98,113,15,0
98,100,2,4
88,82,-6,6
55,70,15,4
59,54,-5,1
23,32,9,2
19,23,4,4
65,30,-35,0
109,102,-7,0
15,82,67,2
165,107,-58,2
137,157,20,-1
100,120,20,5
127,131,4,4
174,156,-18,5
162,210,48,8
231,239,8,8
200,198,-2,4
191,209,18,8
225,211,-14,8
200,203,3,5
252,261,9,8
261,278,17,7
292,276,-16,7
158,212,54,6
238,200,-38,8
141,203,62,5
180,156,-24,9
125,137,12,7
181,172,-9,12
83,87,4,11
51,103,52,12
84,115,31,10
86,84,-2,10
73,77,4,7
82,74,-8,9
61,67,6,7
38,26,-12,6
21,34,13,6
14,5,-9,5
24,17,-7,2
41,88,47,4
60,73,13,8
123,104,-19,12
175,201,26,16
89,142,53,23
57,112,55,26
103,128,25,31
91,162,71,32
179,201,22,31
165,220,55,28
209,204,-5,29
212,208,-4,25
236,220,-16,19
254,276,22,12
282,306,24,9
341,289,-52,2
253,253,0,-1
196,210,14,2
241,224,-17,7
175,173,-2,10
65,157,92,15
92,163,71,16
169,168,-1,16
127,141,14,18
140,155,15,16
80,87,7,12
133,99,-34,10
117,84,-33,7
78,77,-1,0
67,65,-2,-4
37,53,16,-3
33,19,-14,-4
12,9,-3,-5
37,62,25,-5
106,88,-18,-3
76,76,0,-2
162,116,-46,-2
103,120,17,-3
146,154,8,-6
147,134,-13,-9
176,179,3,-10
296,227,-69,-11
240,230,-10,-12
206,203,-3,-8
209,223,14,-6
232,207,-25,-6
199,222,23,-6
253,284,31,-3
302,291,-11,-2
281,264,-17,3
183,185,2,8
199,211,12,9
140,174,34,7
115,167,52,9
173,153,-20,12
170,146,-24,14
95,122,27,17
28,120,92,17
79,96,17,15
108,88,-20,13
109,95,-14,12
75,80,5,9
41,58,17,9
38,38,0,8
32,19,-13,4
0,12,12,0
19,11,-8,-2
107,112,5,1
88,78,-10,5
170,146,-24,2
69,143,74,1
95,122,27,3
214,156,-58,3
164,156,-8,2
200,226,26,4
209,232,23,2
286,243,-43,1
183,206,23,-1
236,228,-8,-2
226,210,-16,-3
281,254,-27,0
284,308,24,0
287,319,32,0
220,200,-20,-5
229,233,4,-4
181,191,10,-10
232,141,-91,-15
108,137,29,-20
248,137,-111,-21
155,127,-28,-29
143,84,-59,-27
117,106,-11,-27
78,77,-1,-24
46,49,3,-22
34,45,11,-16
58,64,6,-14
31,27,-4,-7
30,10,-20,-1
15,12,-3,3
5,11,6,2
7,60,53,0
69,67,-2,-1
118,84,-34,-2
145,110,-35,0
128,125,-3,1
104,122,18,2
109,137,28,4
158,167,9,4
176,179,3,2
199,234,35,4
212,207,-5,7
200,198,-2,8
207,212,5,10
279,278,-1,7
265,282,17,5
268,277,9,6
253,235,-18,6
193,208,15,5
173,196,23,11
102,114,12,15
164,159,-5,16
33,133,100,17
148,176,28,16
121,118,-3,12
176,161,-15,12
91,81,-10,9
111,97,-14,6
110,87,-23,2
71,80,9,0
78,73,-5,-4
82,59,-23,-5
0,27,27,-3
15,19,4,0
40,43,3,0
82,95,13,4
101,117,16,6
132,130,-2,6
136,150,14,9
117,132,15,9
171,164,-7,8
74,122,48,7
263,229,-34,7
237,254,17,3
220,202,-18,7
215,226,11,6
212,208,-4,8
202,251,49,8
273,274,1,10
273,292,19,10
258,277,19,18
214,232,18,24
187,225,38,25
117,190,73,23
71,155,84,25
201,133,-68,21
177,150,-27,18
76,149,73,19
178,147,-31,14
91,93,2,7
108,112,4,6
70,57,-13,0
75,71,-4,-2
59,68,9,2
39,50,11,2
15,11,-4,0
19,25,6,4
19,28,9,5
85,82,-3,6
37,84,47,10
116,111,-5,9
140,151,11,9
73,128,55,18
205,146,-59,23
85,133,48,21
105,243,138,25
202,225,23,21
249,212,-37,16
209,223,14,18
246,222,-24,17
200,205,5,11
263,263,0,12
283,301,18,7
282,278,-4,0
214,205,-9,0
237,264,27,3
212,200,-12,4
137,152,15,5
128,129,1,12
127,144,17,15
177,198,21,20
0,89,89,22
71,114,43,24
65,108,43,22
103,93,-10,22
71,71,0,18
73,74,1,16
71,43,-28,12
43,33,-10,8
16,14,-2,2
9,19,10,0
52,65,13,-4
83,72,-11,0
20,67,47,0
160,74,-86,3
38,139,101,5
190,154,-36,13
67,101,34,7
161,174,13,12
148,204,56,10
237,201,-36,11
174,188,14,10
199,216,17,16
205,188,-17,10
195,243,48,12
269,269,0,12
282,301,19,12
261,259,-2,11
195,213,18,12
163,221,58,11
179,144,-35,10
151,170,19,12
139,117,-22,15
144,164,20,12
75,141,66,12
107,141,34,10
168,126,-42,6
90,83,-7,3
94,87,-7,6
59,53,-6,4
94,90,-4,4
38,54,16,1
19,27,8,-2
33,25,-8,-4
21,30,9,0
97,77,-20,1
89,67,-22,2
96,132,36,5
145,160,15,9
180,197,17,12
111,134,23,16
111,157,46,18
172,238,66,20
206,216,10,21
208,213,5,21
235,234,-1,21
218,218,0,19
201,226,25,16
255,270,15,13
298,295,-3,7
308,304,-4,5
196,202,6,8
262,239,-23,5
120,172,52,2
100,129,29,0
185,134,-51,-5
191,152,-39,-5
174,131,-43,-4
91,104,13,-5
84,107,23,-6
57,53,-4,-7
84,82,-2,-10
74,53,-21,-9
93,86,-7,-5
34,38,4,-2
22,14,-8,0
10,12,2,-2
16,15,-1,0
85,101,16,2
54,41,-13,1
74,113,39,1
128,158,30,2
178,127,-51,2
162,146,-16,4
124,132,8,6
121,156,35,5
184,208,24,4
235,227,-8,4
206,200,-6,2
207,210,3,4
211,218,7,9
248,256,8,8
272,298,26,10
276,297,21,7
255,233,-22,1
159,227,68,0
203,140,-63,-4
173,101,-72,-14
124,127,3,-17
239,152,-87,-20
149,119,-30,-25
146,84,-62,-23
88,125,37,-24
82,83,1,-22
106,116,10,-19
79,72,-7,-13
92,89,-3,-12
67,49,-18,-7
56,37,-19,-4
34,19,-15,-1
15,27,12,-5
66,81,15,-1
90,79,-11,-3
117,95,-22,-2
72,158,86,-3
216,135,-81,0
111,143,32,-1
210,154,-56,6
98,146,48,2
187,196,9,5
198,230,32,5
219,223,4,8
224,223,-1,5
193,218,25,8
267,277,10,7
268,262,-6,7
290,262,-28,6
248,266,18,5
224,217,-7,6
185,220,35,6
162,152,-10,8
141,182,41,6
122,126,4,9
138,156,18,8
133,119,-14,11
102,141,39,9
89,72,-17,9
76,83,7,5
81,74,-7,8
51,61,10,6
80,72,-8,6
22,60,38,6
0,15,15,8
22,17,-5,4
26,47,21,3
68,63,-5,2
74,62,-12,1
153,108,-45,0
164,162,-2,3
124,147,23,3
128,128,0,5
54,114,60,6
258,264,6,7
190,233,43,7
213,199,-14,11
210,212,2,12
238,227,-11,14
185,204,19,12
252,265,13,14
277,292,15,11
290,305,15,11
179,223,44,8
220,228,8,8
233,218,-15,9
208,183,-25,14
159,161,2,18
96,140,44,23
48,131,83,24
65,116,51,23
26,98,72,21
66,58,-8,22
92,73,-19,20
64,64,0,19
61,57,-4,15
65,49,-16,7
26,10,-16,1
7,0,-7,-5
2,4,2,-6
22,26,4,-3
131,73,-58,3
12,94,82,9
85,98,13,18
35,132,97,23
89,127,38,31
104,160,56,30
63,135,72,32
199,199,0,31
255,229,-26,29
222,226,4,24
200,210,10,18
211,203,-8,10
193,192,-1,6
258,250,-8,2
270,283,13,-2
274,277,3,1
190,177,-13,10
224,210,-14,13
93,166,73,15
0,127,127,22
154,136,-18,18
179,173,-6,15
32,115,83,20
166,68,-98,18
128,113,-15,14
15,77,62,17
80,76,-4,6
60,71,11,-2
60,45,-15,0
76,68,-8,-1
37,27,-10,-4
0,0,0,0
18,10,-8,3
58,49,-9,0
74,76,2,4
7,87,80,3
149,128,-21,3
100,156,56,0
214,155,-59,1
190,160,-30,-4
157,138,-19,-4
293,279,-14,-7
259,224,-35,-10
213,202,-11,-13
235,237,2,-10
215,202,-13,-11
205,229,24,-8
273,301,28,-5
295,284,-11,-7
322,284,-38,-8
187,201,14,-7
255,193,-62,-8
222,199,-23,-13
139,133,-6,-14
188,189,1,-18
205,157,-48,-18
179,153,-26,-16
124,120,-4,-12
55,74,19,-12
68,77,9,-8
65,60,-5,-6
66,49,-17,-5
64,70,6,-3
37,35,-2,0
13,10,-3,0
0,13,13,0
17,10,-7,-1
90,74,-16,0
46,55,9,3
128,133,5,9
130,158,28,8
130,167,37,10
65,130,65,9
215,167,-48,7
174,182,8,5
212,195,-17,8
252,235,-17,3
197,196,-1,-1
208,215,7,-4
233,217,-16,-7
309,252,-57,-12
274,302,28,-11
278,281,3,-13
250,203,-47,-12
231,208,-23,-4
224,193,-31,0
63,117,54,-1
40,143,103,0
174,157,-17,-1
167,141,-26,-4
144,90,-54,-1
160,129,-31,0
88,95,7,0
97,99,2,-1
69,72,3,-7
84,95,11,-12
79,65,-14,-10
57,36,-21,-8
37,29,-8,-4
24,25,1,0
42,36,-6,0
96,90,-6,0
34,91,57,0
129,137,8,0
192,175,-17,0
145,122,-23,5
118,131,13,7
141,137,-4,6
148,206,58,4
232,237,5,4
234,197,-37,1
222,223,1,4
223,214,-9,7
240,280,40,7
250,265,15,8
286,305,19,7
276,264,-12,6
217,235,18,7
210,222,12,10
182,181,-1,10
184,194,10,10
138,157,19,9
150,160,10,8
102,100,-2,8
136,153,17,8
79,84,5,6
77,85,8,4
67,56,-11,4
85,70,-15,3
59,60,1,4
38,48,10,3
0,22,22,2
1,13,12,0
27,16,-11,0
104,86,-18,-2
93,76,-17,-2
121,130,9,-1
184,156,-28,1
135,132,-3,3
104,132,28,6
72,132,60,7
182,211,29,10
198,230,32,12
210,193,-17,15
195,214,19,16
219,212,-7,19
180,198,18,15
243,274,31,12
295,302,7,8
296,280,-16,7
204,187,-17,10
216,244,28,16
172,198,26,16
74,136,62,19
56,115,59,22
156,138,-18,20
100,145,45,19
38,71,33,23
133,108,-25,20
81,77,-4,16
55,81,26,13
54,46,-8,6
59,63,4,1
65,49,-16,1
36,15,-21,-3
0,7,7,-4
16,0,-16,-3
25,19,-6,-7
57,66,9,-10
46,45,-1,-13
204,139,-65,-15
206,192,-14,-13
222,168,-54,-8
110,131,21,-8
137,159,22,-5
169,210,41,-5
248,251,3,-4
222,206,-16,0
211,222,11,5
240,221,-19,7
203,254,51,5
281,269,-12,3
296,301,5,0
327,271,-56,-3
216,216,0,-2
215,226,11,3
202,163,-39,3
59,121,62,7
63,117,54,12
102,112,10,15
111,152,41,21
111,159,48,28
39,83,44,27
72,96,24,27
39,53,14,28
58,45,-13,23
44,70,26,19
12,22,10,17
0,0,0,10
0,0,0,6
4,1,-3,6
60,40,-20,5
52,54,2,7
34,94,60,11
147,148,1,10
126,161,35,9
95,127,32,10
124,113,-11,9
134,139,5,8
205,173,-32,8
234,245,11,4
197,180,-17,3
219,224,5,0
215,204,-11,-2
235,271,36,-6
289,266,-23,-5
289,277,-12,-10
296,244,-52,-4
197,216,19,1
283,230,-53,8
73,162,89,7
32,129,97,17
133,164,31,21
164,133,-31,31
58,161,103,38
70,154,84,44
8,81,73,39
66,58,-8,40
67,74,7,31
68,58,-10,25
57,62,5,20
31,22,-9,17
13,12,-1,12
3,0,-3,7
8,18,10,1
15,74,59,0
27,28,1,6
186,124,-62,9
159,139,-20,10
32,163,131,10
110,133,23,9
132,113,-19,4
206,159,-47,5
196,196,0,2
231,224,-7,2
182,189,7,2
224,230,6,0
220,199,-21,-8
275,268,-7,-8
275,259,-16,-5
266,264,-2,-3
242,250,8,-5
178,191,13,-5
195,189,-6,-8
201,153,-48,-8
116,130,14,-9
195,144,-51,-9
134,157,23,-12
181,134,-47,-10
93,98,5,-14
84,65,-19,-12
77,72,-5,-13
82,70,-12,-9
51,50,-1,-9
87,82,-5,-8
44,44,0,-6
13,4,-9,-3
26,10,-16,-4
10,45,35,-2
87,73,-14,0
105,92,-13,0
118,131,13,-2
120,133,13,-3
147,157,10,-3
195,105,-90,-3
117,147,30,-4
189,200,11,-3
215,207,-8,-4
214,210,-4,-1
212,206,-6,0
190,209,19,3
225,241,16,6
226,256,30,11
256,295,39,12
267,271,4,12
196,200,4,13
170,194,24,17
176,161,-15,20
115,144,29,21
93,142,49,22
122,167,45,22
97,128,31,21
133,130,-3,21
41,95,54,19
64,64,0,18
110,85,-25,14
84,71,-13,11
51,62,11,8
39,42,3,5
19,15,-4,6
4,16,12,6
0,15,15,7
58,115,57,10
63,47,-16,13
44,95,51,15
126,140,14,19
155,148,-7,17
77,130,53,21
132,148,16,23
148,137,-11,20
170,221,51,19
214,247,33,19
200,203,3,14
199,205,6,10
220,213,-7,8
263,268,5,2
320,257,-63,0
293,291,-2,-5
254,254,0,-8
235,222,-13,-9
259,203,-56,-5
145,158,13,0
92,157,65,7
116,167,51,10
86,144,58,15
98,114,16,18
164,189,25,18
101,97,-4,20
104,102,-2,19
58,64,6,14
91,79,-12,7
61,52,-9,1
59,32,-27,-2
7,11,4,-2
19,12,-7,2
31,30,-1,2
43,85,42,3
41,112,71,3
145,118,-27,4
151,138,-13,3
119,105,-14,3
113,114,1,-1
155,147,-8,-3
281,217,-64,-6
246,232,-14,-11
199,202,3,-12
240,237,-3,-10
212,202,-10,-9
249,264,15,-11
254,276,22,-12
300,267,-33,-12
312,251,-61,-10
214,199,-15,-12
213,205,-8,-14
147,150,3,-20
197,143,-54,-20
179,156,-23,-25
213,152,-61,-25
101,120,19,-24
203,149,-54,-20
90,88,-2,-21
109,104,-5,-17
78,62,-16,-17
75,84,9,-13
67,67,0,-10
57,45,-12,-8
25,10,-15,-7
21,21,0,-6
47,36,-11,-9
79,98,19,-5
99,44,-55,2
138,97,-41,4
38,133,95,14
49,146,97,18
148,161,13,18
58,144,86,21
238,214,-24,24
212,222,10,21
210,215,5,26
225,217,-8,23
197,210,13,15
219,221,2,6
252,266,14,1
281,290,9,-4
354,288,-66,-6
185,180,-5,-7
263,227,-36,-6
210,206,-4,-7
109,121,12,-8
146,144,-2,-6
120,155,35,-2
181,134,-47,4
67,114,47,9
0,66,66,14
11,54,43,15
78,73,-5,14
55,59,4,13
59,60,1,12
59,42,-17,9
28,23,-5,8
10,2,-8,4
4,9,5,0
29,23,-6,0
71,83,12,1
73,81,8,2
100,126,26,2
151,156,5,3
145,141,-4,5
155,148,-7,6
168,157,-11,7
146,196,50,7
224,213,-11,6
176,205,29,7
233,222,-11,9
211,204,-7,9
216,272,56,12
260,274,14,15
294,302,8,14
246,254,8,15
172,214,42,21
213,210,-3,20
124,162,38,17
67,162,95,15
217,170,-47,7
198,144,-54,2
156,138,-18,4
174,126,-48,1
82,105,23,-3
86,107,21,-3
74,76,2,-8
72,55,-17,-11
103,100,-3,-7
69,62,-7,-3
29,26,-3,-1
34,22,-12,0
33,48,15,2
85,90,5,3
98,104,6,5
59,125,66,6
168,147,-21,8
121,152,31,4
163,127,-36,4
104,133,29,0
249,191,-58,0
241,213,-28,-4
200,201,1,-2
223,224,1,-6
204,198,-6,-8
206,238,32,-8
264,255,-9,-6
331,293,-38,-9
278,280,2,-5
226,218,-8,-4
239,213,-26,-7
196,207,11,-8
177,155,-22,-2
177,163,-14,0
162,150,-12,4
1,130,129,9
89,128,39,12
112,90,-22,10
73,83,10,14
86,92,6,16
48,61,13,13
78,69,-9,12
25,41,16,8
34,2,-32,4
13,8,-5,0
9,14,5,1
28,90,62,5
100,50,-50,8
111,101,-10,4
47,160,113,7
152,158,6,9
173,111,-62,9
145,146,1,11
124,188,64,11
214,214,0,6
239,229,-10,6
179,180,1,3
212,207,-5,-3
218,207,-11,-4
302,260,-42,-4
270,274,4,-7
292,270,-22,-9
252,232,-20,-10
219,224,5,-9
182,196,14,-11
121,116,-5,-12
174,152,-22,-14
207,170,-37,-11
167,149,-18,-10
178,128,-50,-7
96,136,40,-8
50,72,22,-6
71,77,6,-9
86,62,-24,-8
46,50,4,-6
77,60,-17,-3
49,30,-19,-3
2,4,2,-1
15,6,-9,-3
30,38,8,-2
72,69,-3,6
81,85,4,11
50,105,55,14
63,172,109,20
164,176,12,22
160,159,-1,23
111,156,45,27
286,263,-23,26
187,243,56,23
233,227,-6,23
205,208,3,16
212,223,11,14
211,212,1,13
226,265,39,12
276,292,16,11
277,277,0,13
202,203,1,12
197,214,17,12
139,187,48,11
140,138,-2,10
169,153,-16,7
190,191,1,6
99,98,-1,6
100,98,-2,5
80,89,9,3
55,72,17,0
87,74,-13,-3
66,45,-21,-5
58,61,3,-4
42,15,-27,-4
24,0,-24,-5
0,13,13,-5
0,1,1,-6
17,23,6,-7
66,58,-8,-4
98,87,-11,0
109,118,9,5
143,141,-2,10
75,155,80,11
101,136,35,12
122,133,11,10
230,221,-9,11
232,215,-17,10
199,204,5,10
228,230,2,9
221,199,-22,6
220,242,22,1
273,287,14,0
283,289,6,-2
287,273,-14,1
189,192,3,7
227,195,-32,10
113,180,67,16
90,154,64,21
148,171,23,25
85,157,72,28
139,146,7,32
16,110,94,31
73,78,5,33
53,64,11,29
84,76,-8,26
75,71,-4,19
52,59,7,15
21,39,18,11
23,17,-6,11
0,0,0,5
11,26,15,10
40,89,49,15
80,56,-24,24
0,89,89,32
99,140,41,42
32,153,121,46
33,119,86,55
75,143,68,55
79,138,59,56
183,238,55,54
214,212,-2,51
222,241,19,42
194,205,11,37
210,213,3,27
207,210,3,20
247,268,21,18
278,291,13,15
277,287,10,15
153,211,58,17
211,210,-1,20
127,177,50,25
143,149,6,28
98,139,41,30
17,128,111,35
190,159,-31,36
53,125,72,33
43,98,55,35
71,72,1,30
67,85,18,26
45,51,6,24
85,74,-11,17
32,36,4,10
20,15,-5,10
9,7,-2,5
0,3,3,3
19,26,7,1
35,57,22,1
77,83,6,4
144,111,-33,3
117,142,25,4
97,130,33,4
163,143,-20,1
123,134,11,1
244,206,-38,1
228,232,4,-2
185,201,16,0
227,216,-11,0
221,203,-18,-1
220,254,34,0
246,233,-13,3
299,310,11,4
273,284,11,8
205,244,39,5
203,222,19,3
176,156,-20,2
168,139,-29,2
162,140,-22,0
132,138,6,0
125,129,4,0
187,170,-17,-3
73,98,25,-5
97,92,-5,-3
77,69,-8,-2
71,69,-2,0
54,67,13,1
48,47,-1,0
25,10,-15,0
0,15,15,0
44,21,-23,-3
52,80,28,-6
81,57,-24,-4
144,109,-35,-3
182,142,-40,-1
89,139,50,3
116,150,34,8
160,166,6,9
128,210,82,14
219,232,13,16
199,226,27,16
199,213,14,19
218,206,-12,19
204,199,-5,16
284,281,-3,11
278,301,23,9
270,295,25,8
260,208,-52,9
206,242,36,13
149,210,61,22
133,148,15,23
79,171,92,27
97,156,59,26
140,146,6,22
28,56,28,22
199,118,-81,23
23,45,22,16
84,92,8,13
40,43,3,5
68,66,-2,0
49,48,-1,-4
41,19,-22,-4
4,0,-4,-4
15,10,-5,-3
20,23,3,-2
62,69,7,-2
121,61,-60,-4
40,124,84,-6
173,151,-22,-3
188,150,-38,-2
161,135,-26,2
145,164,19,4
152,230,78,4
230,223,-7,5
199,217,18,6
209,199,-10,7
204,196,-8,8
222,247,25,11
260,272,12,12
291,303,12,8
284,273,-11,4
186,209,23,5
234,219,-15,4
122,121,-1,9
127,147,20,20
147,131,-16,24
65,169,104,26
0,145,145,30
115,141,26,29
79,81,2,27
89,80,-9,30
82,81,-1,27
42,45,3,24
69,70,1,19
34,37,3,9
0,14,14,2
24,0,-24,1
0,1,1,0
9,50,41,-1
75,56,-19,-2
84,71,-13,-2
156,88,-68,-1
115,158,43,0
126,155,29,0
155,134,-21,-3
98,149,51,-3
251,185,-66,-3
254,247,-7,-5
209,210,1,1
227,230,3,3
231,219,-12,2
204,256,52,1
268,280,12,3
303,310,7,0
293,280,-13,5
208,211,3,5
235,212,-23,9
137,162,25,14
139,144,5,18
80,159,79,14
81,158,77,19
150,146,-4,19
144,120,-24,21
35,91,56,23
66,78,12,23
76,79,3,20
48,55,7,19
64,72,8,13
2,30,28,9
6,14,8,11
13,0,-13,9
13,16,3,7
35,80,45,12
82,41,-41,17
57,83,26,19
53,144,91,25
69,138,69,25
108,122,14,24
84,135,51,25
132,134,2,23
213,190,-23,17
202,205,3,16
235,203,-32,12
217,210,-7,3
199,186,-13,-1
232,271,39,-4
282,269,-13,-4
297,271,-26,-6
267,257,-10,-5
203,238,35,-5
239,216,-23,-3
180,142,-38,-2
155,161,6,6
114,129,15,8
83,130,47,11
21,133,112,18
153,128,-25,21
78,110,32,19
62,110,48,24
67,72,5,23
55,55,0,20
86,77,-9,17
45,53,8,13
29,17,-12,9
16,23,7,10
0,25,25,13
67,93,26,10
63,85,22,8
50,120,70,7
210,159,-51,9
162,145,-17,11
170,142,-28,16
117,158,41,13
180,265,85,13
232,229,-3,11
212,212,0,8
195,204,9,9
217,221,4,10
199,200,1,10
246,254,8,9
292,277,-15,1
270,272,2,-2
215,199,-16,-6
260,220,-40,-6
166,193,27,-3
182,108,-74,2
87,142,55,4
103,148,45,15
54,133,79,17
87,112,25,21
45,128,83,24
60,75,15,28
106,92,-14,23
60,65,5,25
80,83,3,20
67,42,-25,12
14,29,15,7
13,12,-1,5
26,16,-10,4
49,72,23,9
78,83,5,14
40,112,72,18
92,142,50,22
102,135,33,25
124,167,43,29
138,132,-6,29
120,177,57,29
160,186,26,28
255,238,-17,24
175,199,24,20
227,225,-2,17
198,208,10,12
273,291,18,9
282,278,-4,9
291,290,-1,4
259,248,-11,1
205,237,32,3
231,214,-17,4
231,192,-39,0
91,146,55,3
111,123,12,7
192,153,-39,7
57,115,58,11
112,149,37,14
62,92,30,11
92,93,1,13
86,85,-1,13
52,63,11,8
92,74,-18,6
64,62,-2,4
33,12,-21,0
31,21,-10,-1
40,35,-5,-3
71,84,13,-1
94,109,15,3
137,115,-22,9
93,143,50,13
68,139,71,22
96,148,52,26
153,166,13,28
150,234,84,29
229,248,19,28
231,216,-15,24
211,208,-3,26
233,226,-7,22
198,202,4,13
220,268,48,8
280,286,6,5
324,276,-48,0
196,197,1,1
220,216,-4,5
152,170,18,3
107,133,26,6
130,149,19,4
152,134,-18,0
110,140,30,0
161,135,-26,3
117,87,-30,0
98,95,-3,1
68,81,13,0
65,64,-1,-1
64,68,4,-1
42,44,2,0
11,18,7,0
0,15,15,3
23,14,-9,3
69,99,30,7
76,59,-17,9
112,91,-21,5
59,160,101,5
158,151,-7,10
159,91,-68,10
187,189,2,15
35,143,108,17
156,197,41,15
222,231,9,13
206,199,-7,15
209,209,0,14
237,225,-12,15
260,275,15,18
229,290,61,16
295,278,-17,7
243,261,18,3
213,222,9,8
241,193,-48,11
116,126,10,16
58,125,67,22
130,174,44,22
49,130,81,20
124,144,20,23
113,125,12,21
67,62,-5,21
76,81,5,20
59,59,0,17
86,73,-13,9
74,63,-11,3
41,60,19,0
41,9,-32,-2
18,20,2,0
26,37,11,6
78,75,-3,4
19,89,70,4
59,110,51,3
184,127,-57,1
194,175,-19,-1
170,118,-52,1
115,140,25,-2
254,215,-39,-3
212,226,14,-7
193,200,7,-7
239,220,-19,-7
201,210,9,0
175,197,22,3
249,265,16,3
254,287,33,1
285,275,-10,0
222,189,-33,-3
235,220,-15,-3
216,174,-42,-1
141,114,-27,0
77,106,29,3
116,160,44,3
109,158,49,3
69,109,40,5
127,98,-29,8
61,76,15,10
95,85,-10,13
63,70,7,12
80,74,-6,9
60,57,-3,5
0,32,32,3
33,13,-20,3
4,15,11,4
46,67,21,2
50,55,5,0
93,101,8,0
219,150,-69,2
120,133,13,1
162,157,-5,3
58,130,72,2
180,152,-28,3
174,203,29,0
209,196,-13,4
220,219,-1,4
196,203,7,9
204,218,14,9
271,275,4,8
256,270,14,6
284,311,27,10
263,255,-8,8
207,226,19,12
182,210,28,15
160,140,-20,12
70,141,71,11
131,146,15,14
170,115,-55,11
60,92,32,11
113,137,24,11
75,91,16,7
103,93,-10,6
98,79,-19,5
53,66,13,2
71,66,-5,2
39,50,11,3
13,17,4,1
23,8,-15,0
5,23,18,-1
112,85,-27,-1
65,79,14,0
132,118,-14,3
181,164,-17,2
78,144,66,9
115,129,14,15
183,161,-22,14
91,213,122,18
159,188,29,22
258,238,-20,17
178,202,24,19
203,208,5,17
220,204,-16,9
262,246,-16,5
290,292,2,3
290,269,-21,-6
225,184,-41,-9
218,246,28,-10
238,196,-42,-8
135,138,3,-6
144,119,-25,-1
63,125,62,0
110,148,38,5
116,110,-6,5
87,110,23,8
53,64,11,8
122,100,-22,8
38,58,20,8
95,71,-24,7
29,37,8,1
19,19,0,2
22,10,-12,4
15,15,0,3
50,94,44,6
48,89,41,11
139,116,-23,11
171,200,29,17
70,129,59,25
147,132,-15,29
56,144,88,33
48,116,68,37
167,208,41,32
201,241,40,31
201,216,15,31
217,198,-19,25
207,219,12,21
289,274,-15,21
272,271,-1,14
260,279,19,10
199,243,44,2
197,198,1,-1
207,196,-11,-2
196,100,-96,-2
145,168,23,-9
108,125,17,-13
157,133,-24,-21
219,132,-87,-25
204,127,-77,-29
98,81,-17,-28
97,92,-5,-27
87,68,-19,-24
63,67,4,-24
83,59,-24,-22
56,40,-16,-19
8,14,6,-10
22,20,-2,-9
39,37,-2,-11
70,79,9,-9
119,57,-62,-7
159,129,-30,-3
103,145,42,2
172,175,3,1
52,141,89,0
144,142,-2,3
252,209,-43,0
218,213,-5,2
209,210,1,7
230,222,-8,6
216,211,-5,1
229,258,29,-1
279,281,2,-4
340,300,-40,-3
277,271,-6,0
193,217,24,3
218,220,2,4
155,166,11,4
100,129,29,9
110,138,28,10
197,179,-18,12
65,125,60,15
158,166,8,17
70,86,16,13
68,74,6,14
77,74,-3,13
70,74,4,11
63,61,-2,9
23,50,27,8
12,13,1,4
5,10,5,2
25,10,-15,3
102,101,-1,9
59,59,0,12
90,110,20,11
46,160,114,11
148,141,-7,11
194,168,-26,10
201,191,-10,15
179,196,17,15
192,223,31,13
215,240,25,10
236,218,-18,6
217,206,-11,2
215,213,-2,6
279,275,-4,8
253,288,35,9
279,309,30,7
199,206,7,4
223,234,11,2
204,176,-28,6
129,126,-3,8
165,133,-32,8
63,146,83,5
134,150,16,6
103,70,-33,3
110,86,-24,5
12,73,61,7
74,76,2,9
67,63,-4,6
51,72,21,8
74,67,-7,3
42,29,-13,4
6,18,12,6
18,8,-10,7
9,51,42,1
84,70,-14,2
48,73,25,-1
157,101,-56,-3
136,152,16,-4
160,134,-26,-6
158,109,-49,-11
102,144,42,-12
292,211,-81,-14
210,212,2,-18
209,204,-5,-14
220,205,-15,-13
218,208,-10,-12
215,220,5,-9
257,252,-5,-5
296,300,4,-6
276,269,-7,-1
165,204,39,-4
227,188,-39,-3
192,203,11,-6
183,135,-48,-4
167,175,8,-8
180,148,-32,-6
141,143,2,-6
139,123,-16,-5
77,104,27,-5
66,88,22,-2
93,74,-19,-1
55,75,20,0
75,65,-10,1
27,41,14,0
33,1,-32,0
17,21,4,-3
33,24,-9,0
81,64,-17,3
77,56,-21,7
34,128,94,10
84,138,54,14
121,146,25,17
95,101,6,24
120,138,18,27
90,169,79,29
186,208,22,29
212,225,13,26
198,204,6,20
220,205,-15,17
194,216,22,17
290,269,-21,15
250,300,50,12
278,299,21,9
266,235,-31,7
201,240,39,10
241,227,-14,11
134,153,19,11
119,166,47,13
176,154,-22,11
93,132,39,6
92,95,3,7
143,110,-33,4
69,73,4,4
95,80,-15,4
60,64,4,0
44,62,18,-2
66,62,-4,-2
58,22,-36,-3
0,11,11,-1
14,14,0,1
1,32,31,0
73,70,-3,5
87,85,-2,9
95,96,1,7
75,145,70,12
87,137,50,24
197,125,-72,25
67,154,87,25
71,215,144,28
220,206,-14,22
269,235,-34,19
212,207,-5,19
212,201,-11,12
217,206,-11,8
269,258,-11,7
270,276,6,0
266,280,14,-5
228,198,-30,0
206,232,26,2
155,172,17,5
93,130,37,9
154,154,0,12
148,154,6,12
66,132,66,12
101,99,-2,11
125,98,-27,10
66,61,-5,9
89,87,-2,7
36,57,21,3
77,68,-9,2
68,70,2,0
51,35,-16,-1
10,6,-4,0
3,14,11,4
19,36,17,8
52,74,22,13
71,83,12,17
78,146,68,24
98,154,56,32
115,148,33,41
93,165,72,51
82,158,76,54
126,238,112,54
173,263,90,53
212,207,-5,49
206,218,12,43
226,221,-5,40
204,201,-3,33
248,270,22,25
289,304,15,18
279,295,16,11
231,205,-26,6
190,231,41,5
180,182,2,10
109,104,-5,8
185,171,-14,13
72,146,74,13
159,138,-21,14
39,110,71,11
107,98,-9,15
59,76,17,9
129,117,-12,11
66,68,2,8
93,84,-9,6
51,50,-1,1
43,34,-9,1
32,23,-9,-1
32,24,-8,0
71,92,21,0
62,71,9,3
108,110,2,7
121,153,32,9
113,133,20,12
46,102,56,14
188,164,-24,17
137,163,26,15
191,215,24,15
217,229,12,11
231,216,-15,8
205,194,-11,5
206,202,-4,4
284,258,-26,1
276,299,23,2
249,270,21,2
244,227,-17,0
182,208,26,0
167,166,-1,0
185,166,-19,-3
120,137,17,-6
211,155,-56,-7
155,139,-16,-10
124,65,-59,-10
118,126,8,-12
31,59,28,-12
104,80,-24,-14
63,52,-11,-14
61,68,7,-11
78,46,-32,-7
34,24,-10,-7
0,8,8,-3
12,24,12,-1
40,19,-21,0
81,89,8,2
45,102,57,6
122,155,33,4
197,159,-38,1
110,152,42,0
195,133,-62,-3
161,120,-41,-9
208,187,-21,-8
269,228,-41,-13
218,206,-12,-16
219,216,-3,-15
222,208,-14,-14
227,257,30,-15
254,260,6,-10
301,277,-24,-8
270,248,-22,-7
214,216,2,-5
219,210,-9,-4
147,127,-20,-3
125,116,-9,0
82,112,30,4
115,126,11,7
96,149,53,11
90,149,59,14
114,112,-2,14
56,84,28,15
98,73,-25,18
53,67,14,16
56,63,7,15
38,47,9,12
11,25,14,9
11,13,2,10
11,16,5,16
75,89,14,19
12,96,84,23
40,113,73,25
153,166,13,23
154,162,8,28
135,155,20,29
129,122,-7,28
129,221,92,26
255,240,-15,24
209,220,11,14
225,209,-16,12
199,215,16,6
228,219,-9,3
250,251,1,-1
339,291,-48,-4
289,269,-20,-9
227,216,-11,-3
244,225,-19,-5
161,188,27,-4
41,124,83,-3
218,163,-55,-1
153,155,2,0
187,171,-16,7
36,83,47,6
128,129,1,8
89,93,4,6
100,95,-5,3
52,71,19,0
77,62,-15,2
64,46,-18,0
22,32,10,3
17,4,-13,3
24,19,-5,1
58,108,50,3
42,65,23,7
132,101,-31,9
125,142,17,16
67,129,62,22
157,190,33,25
81,148,67,30
175,195,20,32
156,217,61,29
197,231,34,29
218,224,6,28
216,210,-6,24
206,201,-5,20
286,291,5,16
281,280,-1,14
270,284,14,13
248,265,17,16
170,223,53,19
186,196,10,24
38,133,95,29
76,113,37,35
113,156,43,34
77,134,57,37
120,141,21,37
111,120,9,34
75,92,17,30
92,114,22,25
61,66,5,16
52,52,0,10
95,74,-21,5
55,46,-9,1
20,0,-20,0
23,16,-7,1
32,52,20,1
73,62,-11,0
0,77,77,1
111,93,-18,4
221,201,-20,3
112,142,30,8
164,154,-10,8
172,180,8,6
174,200,26,5
237,222,-15,2
220,221,1,-1
245,216,-29,2
221,215,-6,3
221,228,7,4
228,273,45,5
286,305,19,5
280,282,2,1
207,221,14,0
228,223,-5,0
205,149,-56,0
173,140,-33,0
102,106,4,0
167,183,16,0
88,121,33,2
148,136,-12,4
18,84,66,4
70,102,32,8
114,101,-13,10
69,61,-8,11
90,90,0,11
36,39,3,7
19,17,-2,3
8,9,1,4
23,12,-11,4
106,94,-12,3
8,60,52,6
42,84,42,7
148,137,-11,6
164,174,10,6
138,133,-5,11
158,148,-10,12
162,171,9,13
145,217,72,12
215,219,4,8
202,189,-13,3
241,229,-12,6
205,212,7,5
284,264,-20,4
263,275,12,3
275,284,9,4
252,247,-5,-4
211,206,-5,0
139,178,39,5
235,131,-104,10
59,169,110,7
124,173,49,11
94,153,59,4
187,110,-77,7
141,112,-29,5
66,75,9,7
86,97,11,3
60,65,5,4
78,68,-10,-3
88,80,-8,-6
47,34,-13,-6
12,6,-6,-3
27,30,3,0
38,46,8,0
113,102,-11,1
64,88,24,5
85,107,22,11
139,158,19,18
59,111,52,24
124,155,31,27
40,139,99,28
194,213,19,30
198,206,8,27
217,226,9,26
208,213,5,23
230,217,-13,19
207,214,7,13
258,281,23,9
286,275,-11,0
255,245,-10,-3
198,196,-2,-1
229,194,-35,-3
183,152,-31,-2
77,151,74,-1
180,131,-49,-1
112,158,46,-3
191,167,-24,2
133,142,9,0
74,90,16,3
91,95,4,5
66,75,9,5
77,62,-15,1
70,81,11,1
36,38,2,0
41,19,-22,-1
20,16,-4,-3
23,19,-4,-1
113,91,-22,2
62,61,-1,8
71,117,46,16
65,140,75,21
56,136,80,29
91,132,41,37
125,178,53,40
57,138,81,44
168,219,51,45
243,229,-14,40
170,202,32,33
226,224,-2,25
228,214,-14,15
278,261,-17,11
314,284,-30,5
278,286,8,2
241,259,18,1
238,221,-17,1
134,205,71,3
173,164,-9,11
151,150,-1,13
127,160,33,13
74,169,95,15
113,117,4,13
253,155,-98,8
44,88,44,8
96,87,-9,6
97,67,-30,0
57,70,13,-1
72,64,-8,-5
66,44,-22,-11
17,7,-10,-8
26,20,-6,-3
46,57,11,-4
86,90,4,-3
106,102,-4,-2
152,164,12,-1
105,101,-4,4
173,160,-13,9
114,143,29,12
72,138,66,13
147,184,37,13
191,199,8,13
223,201,-22,16
196,212,16,14
203,206,3,12
192,233,41,9
306,270,-36,6
298,269,-29,0
258,268,10,1
192,190,-2,7
200,194,-6,14
97,146,49,20
27,132,105,24
96,161,65,29
74,134,60,35
132,125,-7,39
9,104,95,37
90,100,10,37
72,70,-2,30
101,87,-14,25
82,69,-13,15
53,59,6,9
48,39,-9,5
18,22,4,4
13,5,-8,2
3,13,10,2
41,85,44,5
37,45,8,7
95,98,3,10
151,171,20,11
135,144,9,14
65,114,49,16
191,154,-37,18
96,162,66,15
190,198,8,15
202,225,23,11
204,193,-11,13
229,223,-6,11
206,214,8,10
257,264,7,6
266,280,14,4
268,278,10,1
282,240,-42,1
194,186,-8,0
217,238,21,6
176,190,14,4
120,123,3,2
80,151,71,1
172,124,-48,0
179,159,-20,-3
161,138,-23,1
103,87,-16,-1
115,115,0,-2
50,64,14,-3
99,96,-3,-6
73,81,8,-9
62,48,-14,-5
43,24,-19,-3
27,19,-8,-2
36,38,2,-2
50,69,19,-2
96,88,-8,-4
116,104,-12,-4
149,145,-4,-5
155,137,-18,-6
98,112,14,-6
203,172,-31,-5
231,208,-23,-7
219,227,8,-7
229,226,-3,-7
208,207,-1,-5
214,202,-12,-2
227,230,3,0
256,278,22,1
282,313,31,3
277,275,-2,4
192,201,9,5
233,219,-14,6
204,204,0,6
113,142,29,7
157,148,-9,13
167,184,17,15
134,127,-7,16
33,172,139,16
72,77,5,18
108,114,6,15
106,83,-23,18
80,74,-6,14
82,100,18,12
61,63,2,10
40,28,-12,6
39,30,-9,0
37,59,22,-3
97,92,-5,-3
94,88,-6,-5
168,117,-51,-4
139,164,25,0
196,150,-46,3
99,130,31,3
56,146,90,7
204,212,8,5
230,228,-2,4
217,210,-7,6
213,217,4,8
255,227,-28,6
196,194,-2,4
260,280,20,1
302,282,-20,-4
265,245,-20,-7
184,197,13,-6
233,221,-12,-7
232,206,-26,-5
121,119,-2,1
158,137,-21,6
54,119,65,4
75,150,75,7
49,90,41,6
194,119,-75,7
73,68,-5,8
81,81,0,9
30,51,21,4
77,72,-5,2
54,31,-23,-2
32,9,-23,-7
4,6,2,-7
5,15,10,-2
61,37,-24,0
44,63,19,0
92,103,11,4
78,116,38,7
141,127,-14,11
79,146,67,16
121,137,16,19
118,125,7,16
144,211,67,19
255,232,-23,15
216,204,-12,11
209,224,15,10
239,205,-34,6
197,220,23,2
286,258,-28,4
302,291,-11,4
229,275,46,3
195,216,21,3
140,194,54,0
176,144,-32,-1
151,116,-35,-4
202,160,-42,-4
164,138,-26,-4
155,126,-29,-4
139,157,18,-8
86,107,21,-9
87,92,5,-10
102,97,-5,-5
87,83,-4,-2
69,80,11,0
46,53,7,1
37,25,-12,0
41,25,-16,2
34,39,5,3
101,84,-17,0
58,125,67,-4
67,89,22,-2
256,158,-98,-5
181,136,-45,0
86,130,44,10
127,138,11,11
150,244,94,10
156,229,73,14
257,229,-28,10
213,204,-9,13
197,222,25,21
214,204,-10,19
245,272,27,14
281,285,4,14
293,276,-17,5
162,178,16,1
200,225,25,1
219,184,-35,-1
141,134,-7,-8
170,135,-35,-9
147,141,-6,-14
186,104,-82,-16
122,133,11,-18
121,97,-24,-17
102,91,-11,-21
96,78,-18,-17
51,54,3,-15
82,63,-19,-11
42,44,2,-9
9,16,7,-3
3,22,19,-3
15,7,-8,-1
97,95,-2,0
76,72,-4,2
83,101,18,2
165,176,11,8
166,154,-12,10
131,144,13,12
52,132,80,13
159,171,12,14
205,221,16,13
237,228,-9,14
184,196,12,10
230,235,5,8
217,202,-15,7
303,279,-24,6
289,285,-4,2
284,299,15,2
225,260,35,-1
210,214,4,-2
210,205,-5,-2
166,114,-52,0
132,129,-3,-1
129,149,20,0
142,157,15,0
115,83,-32,0
137,127,-10,0
47,83,36,1
88,112,24,0
56,72,16,0
104,84,-20,-1
95,61,-34,-4
55,28,-27,-2
30,21,-9,-1
29,21,-8,-2
25,79,54,-4
91,55,-36,-6
53,59,6,-8
114,133,19,-4
141,96,-45,-3
139,134,-5,-4
203,197,-6,-5
124,135,11,-8
239,211,-28,-11
265,225,-40,-11
201,209,8,-8
254,234,-20,-7
207,206,-1,-5
234,272,38,-5
289,285,-4,-5
300,302,2,-5
293,262,-31,-4
207,210,3,-2
195,188,-7,3
213,176,-37,7
93,140,47,3
70,159,89,3
138,167,29,2
209,104,-105,1
142,152,10,2
98,111,13,5
113,100,-13,1
64,59,-5,2
75,77,2,-1
87,83,-4,-6
56,71,15,-4
25,11,-14,1
29,29,0,1
31,58,27,5
97,83,-14,5
70,88,18,7
41,101,60,11
181,135,-46,15
64,130,66,11
156,159,3,18
28,108,80,13
296,216,-80,14
160,224,64,10
243,213,-30,13
209,205,-4,6
224,231,7,10
200,213,13,5
246,264,18,5
280,272,-8,2
269,271,2,7
172,202,30,4
242,218,-24,9
151,199,48,13
169,134,-35,16
86,158,72,14
90,156,66,18
134,126,-8,17
112,117,5,17
91,111,20,17
84,88,4,15
73,74,1,12
54,55,1,11
68,65,-3,6
41,39,-2,2
20,23,3,6
7,11,4,10
11,14,3,12
6,77,71,16
23,70,47,15
70,100,30,13
118,138,20,14
191,128,-63,12
120,131,11,7
101,110,9,6
167,144,-23,0
260,209,-51,-6
205,212,7,-9
206,207,1,-12
220,201,-19,-14
193,200,7,-9
315,271,-44,-9
276,280,4,-10
275,302,27,-7
248,229,-19,-6
236,223,-13,-8
213,195,-18,-8
125,139,14,-9
161,134,-27,-5
149,126,-23,-4
162,151,-11,-3
63,127,64,-3
169,144,-25,0
69,80,11,-1
99,97,-2,1
48,63,15,1
78,62,-16,3
84,81,-3,3
31,52,21,3
25,18,-7,0
24,24,0,1
18,15,-3,6
82,66,-16,13
37,86,49,18
28,96,68,23
32,128,96,23
114,146,32,24
122,114,-8,23
103,102,-1,23
185,194,9,22
256,250,-6,18
207,198,-9,11
210,209,-1,6
214,203,-11,0
186,193,7,-1
240,252,12,0
281,272,-9,-1
272,283,11,-1
171,183,12,-1
240,198,-42,-3
156,179,23,-6
177,146,-31,-7
184,163,-21,-10
195,150,-45,-10
161,142,-19,-11
146,173,27,-12
90,80,-10,-13
93,84,-9,-12
79,67,-12,-11
83,69,-14,-9
52,53,1,-8
51,34,-17,-5
21,19,-2,-6
5,0,-5,-7
9,5,-4,-5
53,47,-6,-2
62,56,-6,5
58,82,24,9
104,129,25,11
61,174,113,14
214,202,-12,14
99,96,-3,11
105,116,11,15
243,207,-36,14
252,255,3,11
194,222,28,11
212,224,12,6
220,196,-24,0
193,225,32,0
272,256,-16,4
291,293,2,3
270,257,-13,2
171,220,49,-1
198,192,-6,-6
229,150,-79,-11
132,134,2,-9
208,140,-68,-8
137,131,-6,-10
112,145,33,-7
124,141,17,-8
67,67,0,-10
93,95,2,-6
91,71,-20,0
89,85,-4,1
66,85,19,5
50,57,7,5
18,32,14,2
33,29,-4,2
14,25,11,2
101,83,-18,7
41,59,18,6
142,132,-10,11
64,152,88,15
164,106,-58,20
52,139,87,20
95,166,71,28
179,202,23,24
169,208,39,25
217,221,4,25
222,212,-10,21
205,205,0,16
216,212,-4,17
242,247,5,6
290,287,-3,1
286,313,27,-2
261,193,-68,-6
252,259,7,-12
183,173,-10,-11
147,118,-29,-16
223,157,-66,-16
144,138,-6,-15
160,148,-12,-13
119,126,7,-14
65,88,23,-8
80,80,0,-8
88,89,1,-7
71,66,-5,-5
97,87,-10,-3
70,50,-20,-4
54,29,-25,-4
15,24,9,-6
37,18,-19,-6
54,70,16,-2
90,59,-31,4
80,107,27,14
88,161,73,21
71,140,69,24
24,154,130,23
189,168,-21,21
124,124,0,17
274,195,-79,18
235,221,-14,13
208,205,-3,12
219,225,6,4
203,190,-13,-1
210,260,50,-7
269,268,-1,-2
269,267,-2,-3
282,256,-26,0
185,221,36,0
241,199,-42,-2
157,134,-23,-5
119,143,24,0
218,149,-69,-3
78,124,46,-1
82,129,47,2
185,174,-11,0
71,107,36,1
107,84,-23,5
81,78,-3,4
62,66,4,7
83,83,0,9
46,49,3,6
0,30,30,6
26,25,-1,6
0,24,24,8
91,99,8,16
62,62,0,20
31,96,65,22
96,165,69,28
188,221,33,29
136,131,-5,30
75,159,84,31
175,194,19,32
204,219,15,27
222,229,7,27
194,216,22,20
231,214,-17,16
189,197,8,14
285,280,-5,11
263,290,27,7
268,288,20,8
265,223,-42,8
198,256,58,7
185,192,7,13
106,128,22,12
176,157,-19,11
55,144,89,9
174,152,-22,7
200,146,-54,2
119,124,5,5
79,60,-19,1
104,109,5,-4
59,61,2,-5
78,73,-5,-7
69,30,-39,-11
22,33,11,-8
28,13,-15,-4
22,12,-10,-4
71,90,19,-3
73,74,1,-1
118,143,25,1
155,123,-32,7
86,116,30,13
104,150,46,18
113,169,56,22
113,152,39,24
200,226,26,23
207,249,42,23
201,198,-3,20
220,213,-7,19
189,193,4,18
295,267,-28,12
273,287,14,9
262,296,34,7
240,227,-13,8
189,229,40,5
205,186,-19,8
62,132,70,8
164,118,-46,10
125,151,26,6
115,124,9,7
181,164,-17,2
158,138,-20,2
94,93,-1,0
99,104,5,0
63,70,7,-5
77,60,-17,-4
67,78,11,-6
66,30,-36,-6
32,24,-8,-5
8,10,2,-3
68,50,-18,-1
94,122,28,0
101,92,-9,0
86,138,52,1
134,158,24,6
246,173,-73,8
76,140,64,11
137,156,19,14
229,245,16,11
207,237,30,11
246,222,-24,12
208,227,19,7
238,229,-9,9
209,237,28,10
312,282,-30,8
307,342,35,7
279,284,5,6
195,213,18,7
222,239,17,14
206,164,-42,19
64,149,85,21
106,167,61,24
77,150,73,22
159,153,-6,22
134,123,-11,19
77,85,8,18
116,112,-4,14
75,67,-8,12
94,81,-13,6
67,64,-3,2
41,49,8,0
32,46,14,2
17,30,13,6
0,21,21,7
80,89,9,8
16,68,52,10
115,98,-17,13
170,155,-15,15
93,133,40,18
111,120,9,16
71,134,63,13
155,173,18,12
201,172,-29,8
237,232,-5,4
203,193,-10,3
195,191,-4,0
231,199,-32,-3
275,253,-22,-11
296,300,4,-15
272,262,-10,-20
284,199,-85,-17
210,222,12,-14
229,156,-73,-10
53,142,89,-7
185,196,11,1
167,173,6,0
67,139,72,6
92,92,0,9
124,113,-11,12
54,81,27,14
125,108,-17,14
57,66,9,5
94,90,-4,4
68,61,-7,1
71,41,-30,-2
20,35,15,-3
34,22,-12,-3
61,74,13,-4
88,71,-17,-4
124,105,-19,-8
102,142,40,-8
209,152,-57,-12
156,139,-17,-14
162,133,-29,-12
212,158,-54,-14
167,184,17,-15
232,237,5,-13
235,216,-19,-12
206,206,0,-11
214,207,-7,-5
254,281,27,-3
281,277,-4,-1
249,259,10,-1
251,244,-7,-3
207,192,-15,-3
206,177,-29,-1
159,144,-15,0
118,138,20,0
123,146,23,0
88,120,32,3
149,130,-19,6
179,185,6,7
56,110,54,10
84,96,12,11
77,64,-13,9
59,70,11,7
80,66,-14,5
61,54,-7,2
24,22,-2,5
23,13,-10,7
21,39,18,5
60,93,33,9
13,69,56,10
144,134,-10,10
110,147,37,11
164,150,-14,14
136,142,6,11
124,128,4,10
212,222,10,8
254,232,-22,5
231,220,-11,2
181,217,36,4
214,202,-12,3
212,229,17,4
254,265,11,7
291,303,12,2
265,276,11,4
192,208,16,1
260,188,-72,1
134,186,52,1
217,137,-80,6
86,142,56,3
166,193,27,7
108,141,33,2
111,130,19,4
102,84,-18,5
105,97,-8,8
95,92,-3,8
56,73,17,10
92,96,4,6
43,60,17,5
21,28,7,5
40,29,-11,6
17,35,18,10
61,84,23,13
46,66,20,15
48,86,38,15
118,133,15,16
97,142,45,14
143,127,-16,17
182,188,6,16
232,223,-9,15
175,223,48,11
230,225,-5,9
223,217,-6,3
223,214,-9,1
205,208,3,-2
276,251,-25,-4
314,291,-23,-5
276,277,1,-7
222,188,-34,-12
197,212,15,-13
197,168,-29,-13
180,156,-24,-17
125,117,-8,-17
159,142,-17,-13
182,139,-43,-11
115,98,-17,-9
81,139,58,-5
90,98,8,-3
84,86,2,-4
65,70,5,-1
50,61,11,-1
89,55,-34,0
43,26,-17,2
11,3,-8,4
12,17,5,1
0,52,52,6
62,71,9,8
109,113,4,12
54,130,76,15
127,119,-8,18
54,124,70,17
158,127,-31,21
148,145,-3,16
197,204,7,16
184,221,37,12
205,197,-8,13
214,220,6,8
233,220,-13,8
205,267,62,5
278,256,-22,8
291,280,-11,4
271,293,22,5
210,217,7,1
220,188,-32,2
143,150,7,2
176,153,-23,7
70,120,50,6
190,179,-11,12
55,138,83,11
148,171,23,13
79,92,13,12
94,80,-14,15
68,76,8,15
72,75,3,15
74,82,8,11
39,49,10,10
13,18,5,5
12,27,15,1
30,31,1,0
82,65,-17,0
77,45,-32,-1
112,120,8,-2
162,146,-16,0
134,141,7,2
169,158,-11,6
86,150,64,6
179,231,52,9
203,223,20,10
242,223,-19,12
185,196,11,12
208,217,9,13
213,194,-19,12
251,258,7,10
265,284,19,7
264,282,18,5
207,201,-6,5
221,225,4,11
151,186,35,17
167,162,-5,23
55,136,81,24
81,149,68,24
87,157,70,21
145,95,-50,21
144,122,-22,19
83,102,19,20
96,100,4,14
65,70,5,8
87,92,5,1
101,76,-25,-3
53,42,-11,-4
46,25,-21,0
34,39,5,0
69,119,50,0
86,78,-8,1
136,134,-2,5
146,140,-6,10
114,156,42,17
81,148,67,23
151,160,9,25
90,168,78,26
179,214,35,26
233,237,4,24
182,196,14,24
230,224,-6,22
201,211,10,17
283,278,-5,13
267,251,-16,11
269,298,29,9
250,261,11,8
183,213,30,13
175,206,31,19
150,120,-30,23
3,135,132,26
162,191,29,29
77,128,51,23
134,133,-1,23
139,125,-14,19
90,66,-24,16
105,100,-5,12
51,49,-2,7
72,77,5,-3
64,56,-8,-6
65,27,-38,-11
22,14,-8,-11
18,13,-5,-11
56,32,-24,-12
70,58,-12,-13
114,103,-11,-13
142,123,-19,-16
137,122,-15,-17
144,138,-6,-17
188,142,-46,-16
173,147,-26,-18
224,202,-22,-15
198,217,19,-14
242,203,-39,-11
184,212,28,-9
224,222,-2,-8
257,268,11,-11
282,287,5,-5
329,274,-55,-6
304,277,-27,-9
165,204,39,-12
242,200,-42,-14
191,139,-52,-20
173,143,-30,-16
151,125,-26,-13
178,170,-8,-9
71,115,44,-2
135,177,42,0
71,104,33,-1
74,94,20,3
88,61,-27,6
76,64,-12,7
62,57,-5,8
52,54,2,6
9,11,2,2
13,14,1,2
31,33,2,0
86,83,-3,7
63,111,48,14
119,95,-24,17
44,182,138,16
120,146,26,20
136,120,-16,17
171,145,-26,19
175,204,29,18
206,222,16,15
218,201,-17,9
213,218,5,8
216,203,-13,2
191,193,2,2
242,260,18,6
292,298,6,5
238,271,33,4
165,188,23,2
274,229,-45,2
146,168,22,1
191,148,-43,1
124,135,11,0
169,164,-5,6
182,151,-31,8
58,110,52,10
17,124,107,13
71,96,25,15
58,65,7,13
64,58,-6,16
45,51,6,13
44,28,-16,13
26,4,-22,11
0,0,0,2
3,16,13,-3
22,37,15,-5
145,64,-81,-7
86,123,37,-5
160,155,-5,-1
137,121,-16,-1
106,144,38,0
116,119,3,1
108,133,25,0
243,213,-30,0
243,251,8,1
201,196,-5,1
236,212,-24,1
219,218,-1,2
261,284,23,1
278,291,13,1
278,277,-1,-3
251,254,3,-3
205,221,16,-4
244,163,-81,-7
176,175,-1,-8
178,173,-5,-7
202,152,-50,-15
145,168,23,-17
136,123,-13,-15
219,159,-60,-18
82,76,-6,-16
68,74,6,-11
55,48,-7,-13
86,78,-8,-12
66,65,-1,-9
49,29,-20,-9
31,18,-13,-8
11,21,10,-5
27,24,-3,-5
66,64,-2,-5
98,80,-18,-5
111,108,-3,-7
121,138,17,-3
173,138,-35,-2
189,160,-29,-1
70,137,67,1
205,191,-14,3
209,238,29,1
190,202,12,7
219,224,5,5
203,192,-11,6
189,210,21,7
264,259,-5,9
283,292,9,4
275,262,-13,9
171,195,24,10
221,222,1,10
111,174,63,10
126,160,34,15
158,128,-30,18
128,133,5,21
36,112,76,23
81,143,62,22
78,84,6,18
94,80,-14,17
101,91,-10,13
85,86,1,9
62,71,9,9
70,53,-17,6
40,32,-8,-1
22,25,3,-5
21,31,10,-2
139,95,-44,1
93,90,-3,5
27,103,76,10
137,166,29,12
125,168,43,20
92,112,20,24
108,125,17,24
67,196,129,26
261,205,-56,29
223,227,4,22
187,214,27,20
212,213,1,17
219,215,-4,14
291,265,-26,12
206,280,74,9
279,279,0,5
242,227,-15,4
237,240,3,6
191,202,11,3
128,111,-17,2
123,135,12,-3
154,133,-21,-6
115,115,0,-12
182,78,-104,-13
141,139,-2,-14
66,77,11,-12
120,99,-21,-17
77,80,3,-17
80,73,-7,-16
88,52,-36,-14
40,34,-6,-9
21,11,-10,-1
10,27,17,2
43,79,36,7
48,71,23,9
100,158,58,13
111,152,41,14
214,183,-31,15
85,137,52,14
241,189,-52,16
153,171,18,10
227,207,-20,10
205,242,37,4
219,202,-17,2
204,210,6,-2
219,219,0,0
279,277,-2,-4
323,294,-29,-1
275,278,3,-1
279,261,-18,-2
196,216,20,-1
194,212,18,1
206,166,-40,5
107,180,73,8
162,158,-4,10
63,133,70,12
119,128,9,18
194,137,-57,16
15,101,86,14
76,89,13,14
50,38,-12,8
83,56,-27,4
60,52,-8,2
