290,295,5,4
291,293,2,1
247,264,17,-1
284,259,-25,-5
244,248,4,-7
334,329,-5,-3
347,349,2,-1
328,307,-21,-4
196,207,11,-9
245,259,14,-13
252,186,-66,-20
207,151,-56,-18
210,155,-55,-15
224,170,-54,-13
58,140,82,-10
148,160,12,-7
95,150,55,-9
165,154,-11,-3
133,121,-12,0
145,145,0,5
158,156,-2,8
119,105,-14,9
81,98,17,7
99,98,-1,9
125,168,43,7
125,160,35,12
179,199,20,14
204,208,4,13
236,275,39,12
256,255,-1,15
236,211,-25,13
301,282,-19,12
220,283,63,9
316,314,-2,7
274,268,-6,6
271,273,2,10
267,268,1,11
267,314,47,10
337,383,46,14
330,345,15,12
280,240,-40,10
254,288,34,8
272,261,-11,9
163,173,10,7
209,179,-30,4
170,173,3,0
148,198,50,0
189,112,-77,-1
105,154,49,0
134,126,-8,1
134,130,-4,-4
131,143,12,-3
163,150,-13,-3
137,99,-38,-6
77,80,3,-6
94,80,-14,-4
126,109,-17,-9
159,184,25,-8
221,201,-20,-5
279,260,-19,1
218,222,4,6
200,228,28,9
84,226,142,11
282,246,-36,13
281,268,-13,11
282,300,18,14
286,286,0,12
284,286,2,10
265,256,-9,7
302,291,-11,2
339,334,-5,-4
341,331,-10,-2
287,294,7,-3
248,245,-3,-2
245,251,6,-2
205,166,-39,-1
107,170,63,0
180,154,-26,-2
176,184,8,-5
146,150,4,-3
268,189,-79,-6
153,167,14,-6
153,140,-13,-4
127,129,2,-7
154,168,14,-8
159,156,-3,-6
120,97,-23,-6
103,108,5,-2
129,135,6,3
175,177,2,0
175,200,25,0
202,227,25,-4
291,233,-58,-1
269,253,-16,-1
298,229,-69,1
136,264,128,-1
324,288,-36,1
305,309,4,-3
302,288,-14,1
269,291,22,2
276,278,2,7
316,325,9,6
333,375,42,8
351,345,-6,1
329,280,-49,0
245,271,26,4
250,237,-13,9
210,184,-26,8
99,172,73,14
122,187,65,12
186,195,9,9
119,172,53,11
217,143,-74,14
133,162,29,10
151,138,-13,12
129,131,2,6
154,151,-3,1
151,151,0,-2
118,95,-23,-2
105,99,-6,-2
126,141,15,3
153,180,27,4
184,195,11,7
259,285,26,14
258,279,21,21
233,252,19,23
145,242,97,25
215,274,59,27
305,292,-13,24
307,290,-17,22
279,300,21,19
305,315,10,15
278,265,-13,10
341,316,-25,6
354,358,4,2
360,361,1,0
317,315,-2,2
253,294,41,6
295,271,-24,12
167,214,47,17
164,207,43,25
103,190,87,28
133,184,51,29
167,190,23,27
149,168,19,27
162,150,-12,25
159,147,-12,22
115,129,14,16
144,151,7,9
159,153,-6,2
116,87,-29,-1
108,104,-4,-2
142,144,2,-2
209,198,-11,-1
179,213,34,-4
241,222,-19,-7
186,206,20,-11
294,218,-76,-8
260,240,-20,-9
265,240,-25,-8
287,313,26,-9
316,308,-8,-8
302,294,-8,-9
286,293,7,-5
291,284,-7,-3
312,336,24,0
361,376,15,1
362,363,1,0
324,285,-39,-4
301,306,5,-6
250,234,-16,-9
231,176,-55,-9
210,196,-14,-9
242,206,-36,-12
101,164,63,-14
141,129,-12,-12
189,139,-50,-13
145,149,4,-11
141,136,-5,-10
156,152,-4,-10
167,153,-14,-8
158,113,-45,-7
90,99,9,-7
101,105,4,-2
144,156,12,-4
108,156,48,-4
206,200,-6,-5
286,225,-61,-7
228,221,-7,-5
237,220,-17,-3
299,280,-19,-6
247,255,8,-7
298,299,1,-8
319,315,-4,-10
311,294,-17,-6
285,288,3,-1
276,283,7,0
303,323,20,0
358,375,17,-2
353,358,5,-6
322,264,-58,-5
312,275,-37,-7
279,244,-35,-4
134,195,61,-6
224,175,-49,-8
168,208,40,-15
188,163,-25,-13
174,155,-19,-15
198,142,-56,-9
144,140,-4,-9
132,139,7,-11
152,156,4,-15
179,157,-22,-14
166,114,-52,-13
90,95,5,-10
110,96,-14,-8
95,146,51,-4
191,166,-25,2
199,195,-4,3
199,237,38,9
164,248,84,12
257,243,-14,15
207,246,39,14
296,278,-18,17
302,306,4,12
295,303,8,12
277,280,3,10
295,298,3,7
308,284,-24,4
294,316,22,2
359,370,11,1
324,351,27,4
322,280,-42,5
291,285,-6,8
162,245,83,15
266,244,-22,20
107,178,71,25
144,207,63,29
151,199,48,28
116,183,67,29
208,185,-23,31
155,173,18,26
163,172,9,22
189,176,-13,16
173,171,-2,7
179,166,-13,3
141,109,-32,-2
131,109,-22,-2
153,191,38,2
200,173,-27,7
188,267,79,8
252,278,26,12
194,279,85,14
274,242,-32,22
281,265,-16,23
185,259,74,26
290,329,39,22
317,319,2,18
312,302,-10,14
309,289,-20,10
286,292,6,5
333,342,9,6
399,383,-16,6
346,345,-1,0
257,271,14,2
282,312,30,5
283,254,-29,11
168,217,49,18
116,163,47,21
161,220,59,24
111,183,72,28
187,151,-36,27
64,145,81,26
156,143,-13,27
129,114,-15,21
95,125,30,18
125,124,-1,12
135,118,-17,6
81,79,-2,2
94,78,-16,1
74,108,34,-4
206,169,-37,-4
157,147,-10,-7
221,220,-1,-10
244,215,-29,-11
251,237,-14,-14
265,221,-44,-16
202,211,9,-18
330,275,-55,-19
314,292,-22,-19
266,261,-5,-16
273,265,-8,-16
254,255,1,-14
298,289,-9,-10
339,332,-7,-7
330,338,8,-5
305,314,9,-3
255,257,2,-3
258,254,-4,2
186,152,-34,6
197,206,9,4
56,160,104,6
147,154,7,4
239,186,-53,0
163,168,5,1
151,125,-26,1
153,148,-5,0
128,122,-6,3
131,132,1,1
117,140,23,-2
78,95,17,-1
87,98,11,0
113,101,-12,0
186,181,-5,3
137,129,-8,2
218,212,-6,2
181,215,34,0
257,223,-34,-2
190,199,9,-6
249,215,-34,-5
281,283,2,-8
284,267,-17,-8
279,272,-7,-8
298,263,-35,-7
256,256,0,-8
295,322,27,-6
332,331,-1,-5
336,333,-3,-6
318,293,-25,-3
233,262,29,-2
309,245,-64,-2
120,181,61,0
170,157,-13,6
226,193,-33,4
51,124,73,10
126,163,37,15
147,168,21,15
92,132,40,17
111,129,18,18
119,118,-1,12
148,149,1,12
145,111,-34,11
90,83,-7,5
72,78,6,2
88,91,3,0
176,176,0,-1
157,145,-12,3
156,175,19,8
256,269,13,15
121,206,85,22
170,211,41,27
150,205,55,27
225,285,60,29
294,291,-3,28
251,257,6,25
259,267,8,23
274,256,-18,18
276,262,-14,11
318,325,7,4
338,359,21,-1
332,315,-17,-6
256,213,-43,-1
293,283,-10,2
228,218,-10,6
26,140,114,10
136,162,26,13
137,154,17,12
117,152,35,15
102,75,-27,15
118,153,35,15
168,153,-15,15
132,120,-12,9
123,123,0,2
144,142,-2,0
99,89,-10,-2
78,67,-11,-3
77,74,-3,-3
103,112,9,-4
160,157,-3,1
182,159,-23,3
200,232,32,5
142,223,81,9
215,190,-25,11
204,216,12,11
184,217,33,15
286,302,16,14
292,287,-5,13
238,244,6,14
236,252,16,11
257,252,-5,7
277,283,6,8
315,327,12,8
321,330,9,8
268,269,1,10
247,255,8,10
172,222,50,9
138,166,28,11
175,147,-28,9
131,128,-3,4
106,145,39,3
185,160,-25,0
260,187,-73,-3
131,133,2,-3
134,129,-5,-5
137,142,5,-8
154,160,6,-6
123,138,15,-8
96,73,-23,-8
95,88,-7,-4
138,120,-18,1
154,165,11,7
137,153,16,13
208,238,30,18
121,222,101,24
174,213,39,28
156,220,64,28
157,195,38,31
282,295,13,30
308,287,-21,27
245,248,3,22
263,265,2,16
268,265,-3,8
310,288,-22,3
335,333,-2,0
326,347,21,2
298,280,-18,6
226,242,16,12
173,237,64,21
126,183,57,20
122,183,61,24
73,142,69,31
232,165,-67,33
99,163,64,32
103,161,58,35
116,143,27,29
159,157,-2,25
149,146,-3,21
130,143,13,17
101,132,31,14
98,95,-3,16
74,87,13,13
106,106,0,12
151,161,10,11
109,155,46,12
192,206,14,13
218,209,-9,11
227,234,7,10
155,190,35,9
225,204,-21,7
319,323,4,5
289,273,-16,4
264,265,1,2
284,282,-2,3
264,262,-2,3
257,304,47,2
324,320,-4,1
332,325,-7,0
313,308,-5,3
249,240,-9,7
250,242,-8,7
134,173,39,11
98,150,52,17
166,155,-11,15
103,168,65,17
79,161,82,19
186,128,-58,17
117,142,25,15
147,121,-26,16
98,109,11,7
128,119,-9,5
121,108,-13,2
83,78,-5,1
62,67,5,-1
73,74,1,1
88,148,60,0
151,120,-31,-2
168,176,8,-7
223,178,-45,-9
236,190,-46,-12
212,185,-27,-12
263,204,-59,-15
166,193,27,-17
263,254,-9,-17
261,239,-22,-18
225,246,21,-14
267,256,-11,-8
258,233,-25,-6
259,281,22,-4
317,330,13,-1
313,310,-3,0
256,224,-32,3
247,251,4,7
143,206,63,11
172,187,15,19
89,123,34,21
93,137,44,22
38,138,100,24
123,99,-24,24
218,214,-4,22
119,143,24,22
159,138,-21,16
116,115,-1,12
130,129,-1,10
117,131,14,6
83,90,7,2
67,75,8,2
87,95,8,7
161,161,0,10
128,115,-13,17
83,177,94,27
178,214,36,30
150,217,67,27
47,165,118,30
236,206,-30,28
354,328,-26,24
250,257,7,25
246,235,-11,19
230,235,5,9
238,228,-10,6
251,249,-2,0
318,298,-20,-4
301,322,21,-1
299,287,-12,2
186,209,23,1
259,268,9,0
111,141,30,-1
182,170,-12,0
234,156,-78,1
149,173,24,3
106,121,15,4
93,128,35,1
122,128,6,2
109,105,-4,0
105,100,-5,0
109,126,17,2
131,104,-27,5
54,69,15,5
57,44,-13,6
46,64,18,7
64,101,37,14
86,103,17,18
121,168,47,22
117,192,75,29
160,196,36,31
193,206,13,29
84,170,86,30
198,169,-29,27
234,231,-3,21
257,246,-11,20
238,244,6,11
208,214,6,5
208,204,-4,1
259,233,-26,0
273,280,7,-4
286,276,-10,-5
252,269,17,-9
214,192,-22,-10
236,193,-43,-16
150,102,-48,-14
183,181,-2,-10
188,128,-60,-9
76,133,57,-7
77,130,53,-2
178,155,-23,-3
96,132,36,1
126,129,3,8
104,116,12,10
138,141,3,12
104,114,10,14
69,83,14,9
61,66,5,6
67,88,21,6
174,148,-26,5
113,112,-1,4
143,147,4,6
181,189,8,7
186,207,21,8
149,160,11,10
148,182,34,11
267,285,18,13
230,260,30,14
228,239,11,18
242,248,6,19
236,228,-8,18
207,276,69,17
280,292,12,18
318,309,-9,15
269,277,8,18
185,226,41,21
248,250,2,22
120,173,53,21
89,156,67,20
119,122,3,12
156,146,-10,6
210,176,-34,5
164,110,-54,1
156,121,-35,-3
111,115,4,-6
125,124,-1,-11
130,125,-5,-15
103,87,-16,-13
63,65,2,-8
50,51,1,-3
48,52,4,0
90,134,44,2
128,116,-12,2
109,122,13,0
198,184,-14,2
174,168,-6,0
190,180,-10,-1
151,150,-1,-4
213,167,-46,-8
232,241,9,-13
263,230,-33,-11
251,222,-29,-13
212,202,-10,-11
209,218,9,-11
259,272,13,-9
308,299,-9,-9
293,280,-13,-5
186,195,9,-6
236,212,-24,-1
145,174,29,-1
197,149,-48,0
75,137,62,-6
203,170,-33,-2
165,168,3,-1
216,148,-68,2
66,130,64,1
96,138,42,6
137,128,-9,2
114,113,-1,4
117,138,21,3
138,119,-19,4
59,64,5,4
76,61,-15,7
78,84,6,7
109,123,14,9
102,112,10,9
96,177,81,15
217,232,15,19
198,182,-16,18
77,180,103,16
210,205,-5,14
326,306,-20,5
330,253,-77,3
240,220,-20,1
247,225,-22,-2
238,229,-9,-7
212,270,58,-8
302,292,-10,-11
343,302,-41,-16
289,289,0,-16
190,206,16,-15
307,207,-100,-18
193,143,-50,-21
137,111,-26,-19
141,131,-10,-17
154,136,-18,-11
144,160,16,-5
32,133,101,-2
98,136,38,1
137,135,-2,5
113,101,-12,10
107,112,5,12
123,95,-28,11
62,68,6,10
39,46,7,7
69,67,-2,2
91,127,36,2
132,100,-32,5
115,164,49,2
183,178,-5,9
167,195,28,12
231,176,-55,12
94,183,89,11
87,148,61,15
304,241,-63,10
210,230,20,10
196,219,23,7
235,226,-9,4
231,206,-25,2
257,221,-36,0
267,290,23,-5
289,283,-6,-8
263,217,-46,-7
183,217,34,-9
215,179,-36,-8
167,180,13,-8
153,120,-33,-4
141,169,28,2
149,149,0,6
169,164,-5,8
57,182,125,13
123,125,2,14
116,127,11,13
133,136,3,15
138,134,-4,14
113,116,3,10
76,57,-19,6
75,71,-4,2
86,83,-3,-3
166,131,-35,0
120,134,14,1
181,176,-5,8
94,176,82,12
199,219,20,18
153,217,64,19
150,188,38,22
242,268,26,20
279,272,-7,21
232,217,-15,20
231,222,-9,20
230,230,0,15
231,272,41,12
268,294,26,9
297,298,1,8
294,287,-7,9
189,226,37,13
223,228,5,17
142,176,34,18
134,158,24,19
102,141,39,22
136,148,12,25
171,165,-6,25
37,147,110,25
92,127,35,23
160,129,-31,17
119,111,-8,15
118,117,-1,13
113,93,-20,9
63,78,15,8
53,57,4,8
56,65,9,2
107,121,14,0
81,98,17,2
112,131,19,0
264,219,-45,-3
152,154,2,-9
202,161,-41,-12
231,183,-48,-16
249,185,-64,-16
255,240,-15,-18
238,257,19,-18
239,241,2,-17
226,223,-3,-13
206,198,-8,-9
255,273,18,-7
313,319,6,-3
294,302,8,-2
259,214,-45,-9
212,214,2,-12
221,191,-30,-8
255,137,-118,-4
76,129,53,-2
115,177,62,0
39,128,89,-1
146,122,-24,1
182,162,-20,3
108,119,11,5
113,106,-7,6
132,124,-8,5
144,135,-9,0
141,121,-20,-8
75,37,-38,-15
76,60,-16,-11
102,77,-25,-8
141,123,-18,-7
78,137,59,-5
178,200,22,0
189,191,2,7
234,232,-2,14
136,191,55,18
70,169,99,19
260,257,-3,18
247,241,-6,14
259,230,-29,14
245,218,-27,11
212,212,0,8
241,280,39,4
287,279,-8,-2
324,295,-29,-9
279,261,-18,-8
211,207,-4,-11
227,211,-16,-13
123,113,-10,-14
224,151,-73,-17
141,135,-6,-19
150,129,-21,-15
166,138,-28,-14
153,191,38,-10
126,124,-2,-8
117,130,13,-8
103,116,13,-4
152,132,-20,0
91,95,4,0
83,73,-10,3
66,67,1,3
58,62,4,5
120,142,22,7
132,127,-5,8
107,178,71,7
206,207,1,7
178,185,7,5
195,183,-12,10
238,185,-53,10
244,285,41,9
227,259,32,7
203,219,16,2
252,249,-3,1
265,222,-43,2
210,216,6,-1
262,301,39,-1
321,315,-6,0
364,295,-69,-3
195,182,-13,-3
211,241,30,-2
163,179,16,1
155,162,7,3
139,136,-3,3
95,169,74,-1
168,138,-30,0
79,69,-10,0
243,168,-75,0
135,144,9,-4
146,139,-7,-7
117,110,-7,-12
125,125,0,-14
134,89,-45,-18
85,63,-22,-16
80,65,-15,-14
103,95,-8,-13
135,149,14,-15
182,145,-37,-17
205,190,-15,-20
247,217,-30,-18
199,171,-28,-20
203,160,-43,-20
172,187,15,-20
304,232,-72,-20
248,250,2,-22
244,246,2,-18
262,248,-14,-19
222,216,-6,-14
308,269,-39,-9
311,313,2,-5
266,302,36,-4
246,266,20,-1
218,227,9,-2
250,209,-41,-3
183,196,13,0
167,146,-21,4
240,225,-15,9
81,142,61,12
140,151,11,13
81,169,88,12
146,150,4,15
126,137,11,17
123,131,8,18
156,150,-6,18
100,131,31,15
80,69,-11,11
88,82,-6,9
87,88,1,7
171,166,-5,4
76,129,53,5
221,221,0,5
241,203,-38,7
171,216,45,13
227,202,-25,18
105,193,88,18
178,249,71,22
263,271,8,18
247,259,12,16
239,231,-8,17
230,217,-13,15
238,239,1,12
298,305,7,12
316,302,-14,4
257,276,19,0
189,202,13,-2
244,228,-16,-5
228,206,-22,-4
160,136,-24,-6
151,136,-15,-2
161,185,24,-2
226,169,-57,-1
0,112,112,-3
166,132,-34,0
139,137,-2,-3
133,128,-5,0
150,156,6,0
140,117,-23,0
107,76,-31,0
65,75,10,1
76,83,7,-2
101,130,29,1
127,137,10,5
178,169,-9,7
155,211,56,6
170,183,13,8
185,192,7,8
255,210,-45,5
231,226,-5,2
231,255,24,0
302,244,-58,-4
250,265,15,-6
283,252,-31,-6
222,220,-2,-9
278,283,5,-10
297,319,22,-9
343,314,-29,-11
284,238,-46,-13
233,234,1,-9
199,170,-29,-7
191,180,-11,-4
119,128,9,-1
92,143,51,2
187,205,18,6
146,170,24,9
96,145,49,14
121,132,11,14
128,118,-10,14
101,111,10,12
159,150,-9,9
141,129,-12,1
81,66,-15,0
82,69,-13,-2
122,89,-33,-7
133,144,11,-7
88,119,31,-7
261,202,-59,-10
158,195,37,-8
212,179,-33,-7
220,193,-27,-11
116,155,39,-9
330,261,-69,-9
244,239,-5,-14
236,228,-8,-12
268,245,-23,-12
240,226,-14,-11
281,279,-2,-8
299,307,8,-6
312,330,18,-4
290,284,-6,0
211,227,16,-1
174,202,28,-2
217,189,-28,-5
179,140,-39,-10
178,150,-28,-9
232,180,-52,-10
203,160,-43,-11
135,178,43,-10
101,119,18,-9
146,148,2,-10
117,121,4,-5
112,124,12,0
112,116,4,3
80,75,-5,8
53,78,25,9
76,77,1,9
147,166,19,7
145,139,-6,10
132,175,43,9
246,232,-14,11
131,169,38,12
194,179,-15,14
159,194,35,13
300,325,25,14
270,271,1,12
218,258,40,12
262,236,-26,12
209,208,-1,11
206,232,26,13
305,313,8,17
291,315,24,18
288,311,23,25
120,211,91,24
230,241,11,23
60,175,115,20
213,140,-73,17
139,130,-9,12
170,135,-35,16
224,158,-66,10
34,116,82,7
121,149,28,5
134,131,-3,0
106,113,7,-1
140,150,10,6
133,126,-7,7
85,91,6,10
33,69,36,14
80,74,-6,11
108,116,8,10
100,135,35,16
135,167,32,17
234,235,1,16
122,200,78,15
203,186,-17,15
225,215,-10,10
234,212,-22,12
231,252,21,9
241,241,0,6
228,232,4,3
249,250,1,6
250,242,-8,5
262,274,12,5
289,352,63,8
288,308,20,14
288,233,-55,15
183,240,57,20
145,217,72,23
150,160,10,22
122,174,52,22
145,127,-18,23
110,154,44,19
139,120,-19,19
149,162,13,17
110,142,32,12
173,142,-31,5
130,134,4,0
134,122,-12,-2
128,102,-26,-6
89,68,-21,-6
85,70,-15,-1
107,93,-14,-1
125,164,39,-6
87,157,70,-7
220,199,-21,-7
300,215,-85,-8
233,197,-36,-6
174,203,29,-4
186,170,-16,-8
253,245,-8,-12
249,244,-5,-14
286,246,-40,-19
268,249,-19,-16
232,235,3,-11
318,285,-33,-12
308,310,2,-15
313,305,-8,-15
303,279,-24,-18
260,238,-22,-18
264,234,-30,-18
172,138,-34,-19
153,155,2,-19
159,113,-46,-16
155,149,-6,-16
122,111,-11,-13
157,182,25,-11
143,141,-2,-8
140,137,-3,-6
107,110,3,-2
139,138,-1,-1
130,128,-2,0
86,88,2,0
78,84,6,-1
84,77,-7,0
178,152,-26,-1
147,146,-1,1
149,189,40,2
234,206,-28,0
129,194,65,0
218,182,-36,0
201,185,-16,-4
283,292,9,-1
300,262,-38,-1
253,242,-11,-2
240,246,6,-1
240,242,2,-1
253,288,35,-7
297,298,1,-6
320,316,-4,-7
362,285,-77,-8
225,215,-10,-7
246,251,5,-7
204,172,-32,-9
142,165,23,-10
185,148,-37,-11
108,144,36,-12
162,143,-19,-8
178,155,-23,-7
114,110,-4,-6
128,123,-5,-7
130,124,-6,-6
125,111,-14,-7
103,91,-12,-5
60,65,5,-3
51,52,1,0
66,68,2,2
121,174,53,3
83,96,13,7
146,144,-2,10
224,212,-12,14
149,198,49,13
85,127,42,11
200,206,6,5
203,163,-40,2
290,258,-32,-1
282,239,-43,-3
220,231,11,-3
243,237,-6,-3
232,229,-3,-8
267,285,18,-11
319,321,2,-10
308,292,-16,-8
256,221,-35,-2
229,222,-7,1
193,195,2,10
59,119,60,14
171,181,10,12
16,170,154,13
178,175,-3,19
200,111,-89,15
102,158,56,19
131,150,19,19
149,121,-28,10
112,121,9,4
157,144,-13,0
145,116,-29,-11
84,59,-25,-8
83,65,-18,-1
107,95,-12,-1
118,156,38,0
95,158,63,2
174,192,18,1
235,221,-14,4
202,196,-6,5
202,175,-27,2
151,198,47,0
317,265,-52,-1
330,272,-58,-9
244,244,0,-13
250,240,-10,-15
232,231,-1,-17
310,263,-47,-15
323,312,-11,-15
306,307,1,-16
264,272,8,-16
238,223,-15,-10
262,230,-32,-10
227,167,-60,-9
56,150,94,-5
195,152,-43,2
177,183,6,5
53,94,41,13
84,139,55,15
51,135,84,18
128,126,-2,20
115,124,9,19
134,132,-2,16
121,93,-28,16
75,86,11,16
63,63,0,11
69,72,3,9
91,147,56,11
152,113,-39,18
89,167,78,23
107,181,74,29
151,212,61,36
114,191,77,39
252,214,-38,39
49,189,140,36
252,225,-27,36
259,257,-2,28
245,239,-6,23
234,228,-6,14
217,220,3,8
273,247,-26,4
298,309,11,4
292,298,6,-2
269,271,2,-5
190,216,26,-9
243,199,-44,-13
168,119,-49,-18
205,139,-66,-15
179,141,-38,-13
130,111,-19,-13
70,124,54,-13
142,167,25,-12
146,135,-11,-11
153,151,-2,-6
110,109,-1,-1
124,128,4,1
131,130,-1,1
82,71,-11,1
79,68,-11,-1
100,84,-16,0
133,149,16,1
145,165,20,4
183,206,23,7
200,199,-1,9
165,208,43,8
147,179,32,9
207,204,-3,7
313,284,-29,6
294,278,-16,4
252,241,-11,3
240,233,-7,1
225,228,3,0
288,308,20,-1
289,309,20,0
315,294,-21,2
281,299,18,7
192,226,34,13
223,224,1,19
114,158,44,19
101,147,46,17
87,166,79,15
184,128,-56,12
218,165,-53,7
132,173,41,7
197,142,-55,2
152,137,-15,-3
110,116,6,-5
133,137,4,-11
118,104,-14,-14
88,71,-17,-9
71,58,-13,-6
88,83,-5,-8
156,163,7,-7
105,115,10,-5
187,169,-18,-3
277,233,-44,-2
136,180,44,1
155,182,27,3
198,199,1,4
279,308,29,7
293,275,-18,8
195,231,36,6
226,229,3,8
228,231,3,7
251,233,-18,4
319,314,-5,3
296,299,3,4
289,282,-7,2
183,204,21,0
220,241,21,2
237,218,-19,5
171,147,-24,9
88,146,58,14
119,180,61,15
106,135,29,13
61,84,23,12
176,144,-32,10
141,130,-11,7
112,96,-16,6
115,111,-4,1
121,114,-7,-3
123,91,-32,-6
80,60,-20,-6
60,67,7,0
82,127,45,7
125,132,7,13
52,146,94,18
151,189,38,21
172,217,45,24
169,188,19,29
236,209,-27,28
105,170,65,24
231,231,0,20
237,232,-5,12
249,225,-24,5
261,243,-18,2
222,207,-15,-1
272,257,-15,-4
260,294,34,-6
295,279,-16,-10
293,257,-36,-13
248,241,-7,-12
226,200,-26,-7
125,115,-10,0
150,137,-13,6
72,141,69,12
52,139,87,15
115,163,48,17
138,189,51,21
140,126,-14,22
124,117,-7,23
123,124,1,23
151,146,-5,19
95,127,32,12
75,57,-18,8
69,73,4,6
66,75,9,8
135,157,22,10
72,117,45,12
139,157,18,15
223,226,3,18
178,198,20,21
135,170,35,26
93,150,57,26
231,266,35,25
225,258,33,22
237,226,-11,19
222,226,4,17
231,229,-2,15
244,234,-10,10
288,299,11,4
315,310,-5,0
312,284,-28,-7
183,170,-13,-7
219,240,21,-2
258,169,-89,-2
97,163,66,-7
79,129,50,-9
178,169,-9,-15
258,157,-101,-13
160,84,-76,-12
143,163,20,-11
102,119,17,-11
124,116,-8,-11
118,116,-2,-15
117,112,-5,-16
94,88,-6,-13
77,37,-40,-6
59,64,5,0
74,80,6,0
127,129,2,-3
70,144,74,-4
194,151,-43,-4
226,190,-36,-9
190,157,-33,-9
140,137,-3,-9
168,132,-36,-12
287,246,-41,-14
222,234,12,-14
225,215,-10,-14
227,235,8,-11
232,226,-6,-6
252,277,25,-5
298,297,-1,-3
307,306,-1,-3
294,265,-29,-3
197,209,12,-1
247,221,-26,1
207,166,-41,2
51,127,76,8
121,147,26,9
106,141,35,9
65,123,58,12
163,125,-38,13
86,132,46,11
153,118,-35,12
117,120,3,8
155,138,-17,4
126,101,-25,0
70,79,9,-2
60,51,-9,-4
71,75,4,0
119,138,19,3
139,124,-15,9
79,150,71,10
154,205,51,14
179,199,20,16
233,219,-14,19
216,214,-2,20
151,193,42,19
227,269,42,17
268,247,-21,13
226,222,-4,8
226,226,0,7
242,232,-10,6
274,286,12,4
312,329,17,4
281,294,13,2
244,203,-41,1
217,237,20,2
167,195,28,4
174,169,-5,3
160,148,-12,0
119,138,19,-2
149,142,-7,-3
182,124,-58,-6
178,165,-13,-4
120,131,11,-5
135,122,-13,-9
130,144,14,-10
143,128,-15,-10
111,86,-25,-10
69,52,-17,-7
70,66,-4,1
92,105,13,4
115,123,8,2
57,161,104,4
203,191,-12,1
245,198,-47,0
139,157,18,2
244,172,-72,2
201,215,14,-1
245,245,0,-1
242,248,6,-6
234,215,-19,-11
237,237,0,-10
247,244,-3,-3
273,257,-16,-2
305,293,-12,2
227,290,63,3
270,269,-1,8
223,234,11,11
187,192,5,16
54,126,72,19
99,160,61,26
145,118,-27,30
69,123,54,31
77,146,69,31
93,137,44,29
141,142,1,27
154,151,-3,23
110,116,6,17
127,129,2,13
116,94,-22,12
79,78,-1,10
54,62,8,10
59,84,25,9
122,172,50,8
66,109,43,7
145,148,3,6
260,202,-58,7
246,234,-12,8
147,151,4,9
129,163,34,6
239,244,5,3
256,259,3,-1
232,235,3,-1
266,248,-18,0
237,225,-12,2
201,215,14,2
281,304,23,1
329,310,-19,0
312,303,-9,0
167,182,15,0
227,230,3,1
176,173,-3,6
177,162,-15,11
62,104,42,14
77,153,76,11
87,113,26,11
78,126,48,10
285,176,-109,9
116,137,21,5
133,125,-8,7
137,134,-3,0
151,139,-12,-4
139,113,-26,-9
87,66,-21,-8
69,77,8,-8
100,108,8,-5
112,155,43,-7
168,123,-45,-7
224,201,-23,-9
190,174,-16,-8
183,171,-12,-10
200,193,-7,-12
237,200,-37,-15
286,264,-22,-18
281,261,-20,-18
248,220,-28,-18
236,238,2,-17
241,234,-7,-14
289,257,-32,-11
313,309,-4,-9
301,331,30,-8
247,265,18,-4
229,216,-13,0
261,214,-47,6
99,151,52,12
75,129,54,22
113,152,39,28
103,164,61,32
74,163,89,34
106,177,71,35
148,141,-7,35
136,143,7,37
119,138,19,33
168,157,-11,26
110,142,32,21
87,94,7,15
89,78,-11,11
76,85,9,11
184,181,-3,12
65,127,62,14
139,178,39,16
251,228,-23,16
149,202,53,18
183,199,16,18
202,210,8,14
250,286,36,13
315,281,-34,11
279,254,-25,6
239,235,-4,4
226,244,18,3
245,255,10,0
320,305,-15,0
324,320,-4,-2
288,292,4,-1
205,228,23,0
255,226,-29,2
177,195,18,8
142,144,2,12
171,189,18,13
56,160,104,17
116,138,22,18
53,60,7,16
131,131,0,17
129,125,-4,17
95,102,7,13
106,105,-1,9
125,121,-4,5
94,79,-15,0
64,42,-22,1
43,59,16,5
83,100,17,6
87,129,42,5
49,107,58,5
234,205,-29,4
211,179,-32,1
208,209,1,-1
201,191,-10,-5
253,219,-34,-10
350,256,-94,-15
238,242,4,-19
246,237,-9,-19
251,236,-15,-19
205,211,6,-20
288,281,-7,-20
303,300,-3,-21
367,297,-70,-22
276,258,-18,-23
232,202,-30,-22
249,188,-61,-22
234,182,-52,-19
75,112,37,-17
168,176,8,-6
127,160,33,-1
131,135,4,7
37,179,142,10
134,129,-5,16
143,132,-11,15
137,137,0,20
156,148,-8,15
115,108,-7,13
77,85,8,12
76,71,-5,9
65,92,27,2
133,155,22,1
132,139,7,-1
174,162,-12,-7
237,195,-42,-7
255,221,-34,-5
268,184,-84,-4
124,167,43,-4
212,275,63,-4
256,263,7,-8
247,247,0,-8
278,261,-17,-4
263,232,-31,0
237,229,-8,2
307,327,20,5
297,317,20,3
297,284,-13,3
204,213,9,10
199,238,39,18
136,171,35,20
33,141,108,24
116,154,38,24
196,161,-35,19
144,171,27,19
142,103,-39,19
113,120,7,13
129,123,-6,10
112,123,11,2
146,139,-7,-4
121,113,-8,-6
91,70,-21,-4
63,58,-5,-5
73,68,-5,-4
100,115,15,-4
148,126,-22,-5
175,163,-12,-7
168,187,19,-2
208,191,-17,-1
223,200,-23,0
123,187,64,1
196,189,-7,1
248,245,-3,-2
236,228,-8,0
249,250,1,-1
274,247,-27,-4
223,208,-15,-4
272,264,-8,-7
335,322,-13,-10
301,299,-2,-5
280,232,-48,-5
196,233,37,-3
126,193,67,-3
188,150,-38,-3
114,133,19,-4
185,109,-76,-2
122,155,33,-4
134,115,-19,-3
199,175,-24,-5
142,152,10,-6
145,121,-24,-11
112,130,18,-11
161,148,-13,-10
154,107,-47,-9
70,77,7,-11
82,70,-12,-7
108,97,-11,-4
158,145,-13,0
132,159,27,1
148,216,68,1
169,176,7,6
198,188,-10,13
240,216,-24,15
147,222,75,17
208,265,57,19
262,246,-16,16
222,234,12,13
262,263,1,9
248,238,-10,5
275,264,-11,4
332,323,-9,3
336,308,-28,-1
272,282,10,0
262,254,-8,5
182,206,24,2
72,162,90,4
149,163,14,3
193,132,-61,4
115,114,-1,7
125,104,-21,8
140,189,49,2
138,129,-9,1
149,128,-21,-4
152,121,-31,-8
154,152,-2,-8
145,132,-13,-6
87,85,-2,-8
85,75,-10,-4
93,95,2,-6
175,147,-28,-3
65,140,75,-3
266,232,-34,-1
158,174,16,1
235,207,-28,8
222,206,-16,9
72,170,98,14
279,303,24,15
248,270,22,11
245,266,21,12
276,260,-16,14
245,223,-22,12
226,251,25,13
317,338,21,12
319,304,-15,7
287,289,2,10
194,222,28,15
237,260,23,15
137,214,77,14
94,136,42,14
171,139,-32,14
205,177,-28,15
149,127,-22,16
0,84,84,14
133,127,-6,13
119,124,5,7
126,122,-4,4
121,142,21,2
140,135,-5,3
102,79,-23,3
56,58,2,5
69,63,-6,3
102,96,-6,5
100,157,57,7
128,138,10,11
199,233,34,11
186,189,3,16
168,213,45,18
190,211,21,18
190,195,5,17
226,245,19,16
248,227,-21,11
238,249,11,8
261,257,-4,7
231,224,-7,5
270,268,-2,1
285,302,17,0
305,307,2,2
261,246,-15,5
250,242,-8,12
163,218,55,22
96,152,56,26
75,150,75,24
71,199,128,31
215,173,-42,32
157,110,-47,31
55,160,105,35
130,134,4,32
129,136,7,23
140,138,-2,22
133,134,1,15
103,130,27,10
73,90,17,11
73,73,0,11
76,96,20,11
186,144,-42,11
103,136,33,17
88,183,95,17
210,173,-37,15
113,235,122,10
269,167,-102,11
145,187,42,2
331,276,-55,7
300,280,-20,2
264,251,-13,1
227,243,16,-5
227,235,8,-6
245,248,3,-10
323,299,-24,-4
335,332,-3,-6
301,296,-5,-1
184,213,29,0
267,232,-35,4
149,174,25,2
119,136,17,0
149,205,56,-2
175,134,-41,-1
199,131,-68,-2
100,86,-14,-2
117,132,15,-3
114,125,11,-4
104,92,-12,-6
120,120,0,-6
118,114,-4,-6
81,77,-4,-1
41,60,19,1
68,58,-10,2
70,116,46,0
187,145,-42,-3
109,121,12,-7
237,205,-32,-8
239,191,-48,-12
185,162,-23,-11
235,203,-32,-13
174,168,-6,-15
246,270,24,-16
250,238,-12,-14
250,219,-31,-14
239,242,3,-9
236,233,-3,-5
265,262,-3,-8
312,319,7,-9
298,297,-1,-7
318,243,-75,-13
243,219,-24,-15
163,237,74,-13
258,148,-110,-16
157,136,-21,-20
135,142,7,-18
164,143,-21,-22
137,132,-5,-22
233,161,-72,-17
114,120,6,-18
140,135,-5,-18
121,111,-10,-16
113,118,5,-14
146,116,-30,-13
80,52,-28,-17
69,71,2,-17
77,81,4,-17
213,129,-84,-23
151,140,-11,-26
245,191,-54,-23
232,177,-55,-29
184,175,-9,-27
195,211,16,-26
220,166,-54,-27
264,245,-19,-25
264,258,-6,-18
240,231,-9,-17
238,234,-4,-13
223,222,-1,-9
283,272,-11,-7
302,303,1,-8
302,295,-7,-6
269,302,33,-9
252,206,-46,-13
257,240,-17,-20
235,159,-76,-18
206,167,-39,-23
200,128,-72,-24
130,186,56,-25
182,116,-66,-24
229,210,-19,-26
123,146,23,-16
150,131,-19,-12
96,123,27,-7
119,135,16,-1
116,123,7,1
80,81,1,0
84,81,-3,3
91,93,2,3
164,154,-10,2
141,140,-1,4
192,194,2,4
242,246,4,1
145,178,33,6
195,211,16,10
235,189,-46,12
190,300,110,14
250,268,18,18
246,256,10,15
261,264,3,18
224,234,10,16
234,250,16,14
305,313,8,15
315,310,-5,15
291,292,1,7
177,229,52,10
255,250,-5,18
193,159,-34,26
83,165,82,29
58,186,128,30
72,179,107,28
198,157,-41,27
110,86,-24,24
118,119,1,22
160,146,-14,19
135,122,-13,14
118,125,7,6
125,133,8,-1
104,76,-28,-2
57,68,11,4
46,76,30,12
101,142,41,13
91,148,57,15
115,173,58,16
227,193,-34,18
249,243,-6,16
152,161,9,17
138,179,41,13
212,186,-26,8
245,229,-16,2
252,258,6,0
260,242,-18,-2
237,230,-7,-1
221,218,-3,-1
236,253,17,-5
304,306,2,-8
317,294,-23,-11
272,246,-26,-13
246,216,-30,-15
252,189,-63,-13
136,129,-7,-11
178,157,-21,-9
64,117,53,-11
128,147,19,-6
160,161,1,-4
188,177,-11,0
111,143,32,3
144,132,-12,6
122,115,-7,4
123,135,12,4
130,126,-4,1
89,72,-17,0
75,75,0,-5
81,93,12,-7
142,130,-12,-9
194,106,-88,-9
187,184,-3,-6
144,177,33,0
193,191,-2,0
158,206,48,3
139,194,55,6
308,286,-22,5
234,271,37,7
265,248,-17,13
252,244,-8,10
225,218,-7,9
284,294,10,6
310,312,2,3
299,308,9,-1
281,273,-8,-3
212,220,8,-4
255,222,-33,-1
197,152,-45,-1
81,128,47,2
114,138,24,6
189,174,-15,5
67,123,56,8
87,126,39,10
153,157,4,9
145,142,-3,10
116,108,-8,11
125,133,8,6
147,115,-32,5
81,83,2,6
73,68,-5,4
60,83,23,4
116,161,45,10
128,132,4,19
130,167,37,24
143,211,68,32
111,213,102,40
165,178,13,43
98,182,84,42
156,213,57,42
262,263,1,35
247,245,-2,31
249,244,-5,27
238,218,-20,19
217,224,7,10
283,291,8,6
310,314,4,0
313,292,-21,-1
213,199,-14,-3
211,222,11,-3
176,202,26,-6
211,173,-38,-6
124,115,-9,-7
243,187,-56,-9
87,114,27,-9
72,74,2,-6
211,160,-51,-8
97,141,44,-8
144,136,-8,-7
118,108,-10,-10
119,112,-7,-9
135,114,-21,-9
87,55,-32,-12
81,58,-23,-13
119,89,-30,-7
109,113,4,-7
139,126,-13,-2
97,190,93,-2
193,192,-1,0
137,177,40,-2
221,169,-52,1
182,176,-6,0
319,275,-44,2
253,254,1,-1
226,229,3,0
247,249,2,-4
242,230,-12,-3
262,288,26,-3
276,302,26,2
288,291,3,6
282,264,-18,7
213,247,34,9
180,232,52,10
211,150,-61,14
106,162,56,14
179,168,-11,15
71,164,93,9
162,133,-29,11
177,159,-18,6
126,122,-4,6
124,109,-15,2
111,112,1,1
145,138,-7,-2
111,105,-6,-4
77,66,-11,-8
79,60,-19,-6
73,77,4,0
146,152,6,6
119,115,-4,10
48,152,104,17
160,200,40,24
138,166,28,29
105,169,64,37
112,147,35,40
195,276,81,40
243,288,45,40
232,224,-8,34
210,232,22,28
242,227,-15,25
241,233,-8,15
270,298,28,7
317,308,-9,0
353,294,-59,-6
208,170,-38,-8
237,233,-4,-6
179,196,17,-10
108,110,2,-13
93,116,23,-15
210,151,-59,-16
213,154,-59,-16
102,102,0,-11
143,133,-10,-9
119,113,-6,-11
95,97,2,-12
121,130,9,-13
123,120,-3,-13
110,76,-34,-9
59,47,-12,-6
63,58,-5,-6
62,64,2,-4
126,119,-7,0
144,131,-13,7
153,193,40,14
141,197,56,22
96,202,106,31
157,208,51,36
114,176,62,37
215,267,52,38
216,219,3,35
233,235,2,32
259,241,-18,26
210,196,-14,18
264,270,6,10
301,288,-13,7
304,318,14,2
278,273,-5,2
172,219,47,2
227,205,-22,3
93,138,45,1
184,159,-25,1
146,141,-5,1
192,157,-35,6
187,148,-39,5
66,153,87,7
106,138,32,6
100,115,15,4
102,104,2,6
142,129,-13,7
78,87,9,8
61,65,4,13
55,50,-5,13
67,75,8,11
81,144,63,8
83,85,2,7
131,166,35,7
247,194,-53,8
174,182,8,3
128,158,30,2
221,187,-34,-3
222,182,-40,-7
263,237,-26,-10
243,220,-23,-12
226,231,5,-13
241,240,-1,-8
236,215,-21,-11
255,276,21,-14
287,303,16,-12
347,293,-54,-12
263,219,-44,-12
224,228,4,-12
211,190,-21,-11
142,127,-15,-9
190,165,-25,-5
138,183,45,0
106,142,36,5
99,112,13,11
109,182,73,15
91,130,39,17
120,121,1,16
118,108,-10,15
138,138,0,12
141,118,-23,7
81,56,-25,0
80,65,-15,-7
96,96,0,-12
162,124,-38,-16
183,119,-64,-18
146,186,40,-19
264,218,-46,-19
188,185,-3,-25
229,190,-39,-22
197,179,-18,-24
327,255,-72,-23
259,266,7,-22
241,216,-25,-18
239,231,-8,-22
231,230,-1,-17
299,276,-23,-15
295,294,-1,-11
301,301,0,-7
264,275,11,-4
226,237,11,-5
255,246,-9,-5
198,183,-15,0
200,173,-27,7
175,172,-3,14
81,185,104,19
69,149,80,23
142,183,41,22
83,110,27,24
105,124,19,23
107,106,-1,22
149,138,-11,21
133,98,-35,17
74,82,8,12
60,67,7,10
78,77,-1,9
72,150,78,11
82,101,19,20
130,171,41,24
188,203,15,29
87,204,117,31
155,183,28,31
224,208,-16,25
187,191,4,24
238,230,-8,16
275,257,-18,10
234,233,-1,4
247,222,-25,1
230,221,-9,-6
283,272,-11,-8
299,325,26,-8
306,295,-11,-9
284,252,-32,-12
249,247,-2,-14
247,219,-28,-16
178,132,-46,-20
167,126,-41,-24
152,124,-28,-26
175,137,-38,-28
167,116,-51,-27
183,173,-10,-24
132,134,2,-22
124,125,1,-21
120,121,1,-18
155,150,-5,-16
131,99,-32,-12
91,60,-31,-9
76,74,-2,-6
85,98,13,-2
120,131,11,0
94,85,-9,3
113,164,51,8
169,210,41,13
212,217,5,17
113,168,55,20
161,180,19,19
276,293,17,15
276,269,-7,14
248,223,-25,13
257,247,-10,9
256,248,-8,5
259,299,40,3
314,311,-3,1
322,309,-13,1
292,293,1,6
198,215,17,12
220,256,36,16
100,159,59,22
133,183,50,24
139,152,13,24
93,151,58,25
163,171,8,26
154,163,9,22
146,140,-6,21
126,125,-1,14
114,111,-3,8
134,144,10,3
133,107,-26,1
94,83,-11,-1
67,73,6,1
70,74,4,0
149,167,18,4
101,144,43,8
200,169,-31,10
154,227,73,11
179,195,16,20
188,201,13,23
190,195,5,27
220,296,76,28
208,284,76,28
248,246,-2,25
228,238,10,25
229,242,13,21
231,236,5,18
294,301,7,15
316,296,-20,15
300,308,8,11
208,205,-3,10
188,249,61,13
229,247,18,15
139,171,32,18
116,155,39,26
182,170,-12,26
58,162,104,29
31,82,51,30
145,120,-25,25
108,138,30,22
142,125,-17,19
109,117,8,13
123,124,1,11
111,88,-23,7
61,66,5,0
73,75,2,-1
110,102,-8,0
157,140,-17,-2
121,152,31,1
213,216,3,2
234,214,-20,6
129,190,61,15
216,207,-9,19
128,206,78,19
208,277,69,25
256,267,11,23
226,237,11,21
236,244,8,23
236,238,2,24
267,257,-10,20
303,328,25,22
274,318,44,17
234,241,7,14
177,238,61,12
258,232,-26,14
138,157,19,14
190,173,-17,15
163,178,15,11
78,140,62,10
156,105,-51,6
198,185,-13,2
128,149,21,1
127,116,-11,0
109,104,-5,-3
145,131,-14,-3
124,119,-5,-6
73,52,-21,-9
75,70,-5,-5
95,92,-3,-1
168,156,-12,0
112,133,21,1
98,161,63,8
198,223,25,12
242,193,-49,17
92,201,109,22
179,179,0,25
244,324,80,21
284,286,2,25
263,235,-28,20
222,242,20,17
242,244,2,13
232,265,33,10
314,287,-27,7
349,307,-42,3
292,304,12,0
157,226,69,1
292,237,-55,0
154,162,8,-2
208,209,1,2
161,156,-5,2
181,181,0,10
149,175,26,15
96,161,65,14
92,145,53,13
115,127,12,16
122,105,-17,15
105,118,13,15
110,105,-5,16
68,73,5,15
52,43,-9,12
42,72,30,7
85,132,47,2
151,125,-26,0
149,140,-9,-4
250,200,-50,-7
172,168,-4,-13
204,150,-54,-16
246,212,-34,-22
256,207,-49,-24
245,223,-22,-28
258,236,-22,-26
247,240,-7,-22
244,221,-23,-17
207,220,13,-14
252,275,23,-10
317,321,4,-5
296,299,3,-1
253,224,-29,0
221,259,38,-1
201,195,-6,0
241,205,-36,-2
154,134,-20,-5
128,133,5,-7
151,164,13,-7
174,111,-63,-7
105,122,17,-5
125,142,17,-4
128,122,-6,-7
78,103,25,-5
144,122,-22,-5
115,90,-25,-6
68,47,-21,-4
65,56,-9,0
54,72,18,0
143,152,9,-1
80,115,35,-1
168,174,6,0
230,199,-31,3
201,193,-8,4
134,178,44,5
181,190,9,4
289,268,-21,1
239,234,-5,0
231,229,-2,1
250,241,-9,0
227,222,-5,2
254,300,46,1
309,293,-16,2
292,287,-5,2
266,257,-9,8
160,220,60,8
256,255,-1,7
110,148,38,7
223,206,-17,8
188,149,-39,10
130,177,47,16
161,134,-27,18
30,162,132,16
103,111,8,17
123,134,11,13
136,134,-2,15
136,129,-7,14
100,114,14,14
73,68,-5,12
64,54,-10,11
71,85,14,5
145,168,23,6
120,146,26,9
179,173,-6,11
191,200,9,15
95,171,76,21
219,201,-18,25
108,179,71,24
198,247,49,28
249,281,32,23
226,220,-6,21
226,243,17,21
250,235,-15,17
225,219,-6,11
296,314,18,9
336,308,-28,2
285,300,15,-3
204,182,-22,1
259,261,2,3
205,164,-41,12
9,141,132,18
174,183,9,18
25,154,129,12
138,140,2,19
180,93,-87,13
180,161,-19,15
127,156,29,15
135,125,-10,9
110,114,4,-2
136,135,-1,-4
136,113,-23,-12
85,52,-33,-11
72,76,4,-7
102,78,-24,-4
160,169,9,-1
154,129,-25,2
141,217,76,2
147,197,50,7
222,218,-4,6
202,195,-7,9
195,213,18,10
272,256,-16,9
240,233,-7,6
225,229,4,5
266,255,-11,-1
226,217,-9,-7
259,256,-3,-8
309,289,-20,-9
350,302,-48,-13
273,270,-3,-13
219,219,0,-14
229,196,-33,-14
150,144,-6,-11
171,144,-27,-10
130,160,30,-7
90,107,17,-2
155,128,-27,0
145,192,47,1
117,124,7,2
127,126,-1,5
126,125,-1,9
153,130,-23,11
60,126,66,9
76,86,10,10
64,77,13,8
84,85,1,9
153,143,-10,9
113,124,11,11
151,178,27,17
187,186,-1,21
167,215,48,25
103,174,71,30
134,178,44,30
183,286,103,31
267,270,3,33
230,233,3,29
237,231,-6,28
211,220,9,24
232,243,11,20
299,289,-10,16
295,303,8,14
272,291,19,10
140,192,52,17
204,237,33,23
188,170,-18,32
0,134,134,36
100,137,37,37
41,165,124,33
184,158,-26,35
155,114,-41,27
106,118,12,25
108,107,-1,21
109,99,-10,15
103,122,19,9
130,124,-6,6
66,71,5,0
4,48,44,3
62,62,0,6
89,86,-3,8
140,129,-11,15
95,112,17,15
147,213,66,15
90,167,77,14
220,164,-56,11
192,203,11,8
181,155,-26,10
252,258,6,7
256,254,-2,6
216,224,8,1
229,225,-4,-2
235,217,-18,-10
262,262,0,-10
284,283,-1,-9
359,279,-80,-10
270,243,-27,-14
156,201,45,-12
215,186,-29,-10
180,142,-38,-8
92,116,24,2
128,171,43,9
138,168,30,14
35,149,114,22
98,126,28,25
106,126,20,21
118,119,1,23
118,120,2,21
139,120,-19,17
111,93,-18,10
80,76,-4,8
60,62,2,0
81,73,-8,0
85,134,49,0
151,108,-43,2
113,159,46,4
185,192,7,10
205,216,11,12
136,177,41,17
180,187,7,18
117,161,44,17
223,261,38,15
251,245,-6,14
248,232,-16,13
217,206,-11,9
214,213,-1,4
236,276,40,0
378,299,-79,-3
274,279,5,-8
195,177,-18,-4
217,209,-8,-3
177,179,2,3
106,149,43,9
79,128,49,7
101,144,43,5
93,157,64,10
189,83,-106,10
206,201,-5,9
136,151,15,13
126,130,4,9
116,125,9,3
129,154,25,0
122,125,3,0
97,66,-31,-3
80,76,-4,0
84,122,38,2
191,142,-49,1
173,156,-17,0
123,177,54,2
207,200,-7,5
216,212,-4,0
146,176,30,2
125,193,68,0
334,228,-106,-2
242,228,-14,-3
218,219,1,0
257,240,-17,-5
235,237,2,-4
285,277,-8,-5
266,299,33,-9
297,289,-8,-10
291,255,-36,-2
232,218,-14,2
209,202,-7,1
66,151,85,5
103,129,26,8
206,141,-65,11
60,128,68,13
131,150,19,17
92,174,82,15
161,130,-31,16
141,137,-4,10
128,126,-2,7
147,128,-19,6
112,94,-18,7
85,84,-1,3
47,81,34,-1
61,58,-3,-3
136,141,5,-1
183,141,-42,1
124,171,47,3
210,209,-1,8
155,170,15,12
141,157,16,17
148,180,32,17
168,256,88,18
243,261,18,19
242,236,-6,17
221,218,-3,16
227,216,-11,13
226,223,-3,10
277,285,8,5
309,287,-22,1
279,282,3,-3
199,170,-29,0
197,229,32,-1
167,153,-14,1
57,111,54,0
143,122,-21,3
148,164,16,4
174,161,-13,11
101,102,1,10
87,158,71,11
119,138,19,10
138,120,-18,5
118,112,-6,3
122,120,-2,4
130,92,-38,2
55,63,8,3
65,70,5,3
90,99,9,2
131,157,26,9
120,126,6,18
170,229,59,24
125,208,83,32
120,194,74,35
151,199,48,34
148,193,45,33
254,234,-20,30
253,239,-14,25
215,212,-3,21
235,225,-10,12
221,221,0,3
267,248,-19,-2
287,287,0,-6
293,272,-21,-3
259,252,-7,0
224,238,14,1
116,191,75,4
98,116,18,11
192,134,-58,16
102,159,57,24
59,154,95,29
106,151,45,29
134,184,50,29
141,145,4,28
119,116,-3,23
90,106,16,22
118,115,-3,21
98,96,-2,13
70,66,-4,7
62,55,-7,2
71,65,-6,-1
137,157,20,2
115,92,-23,5
168,157,-11,6
114,195,81,13
129,148,19,18
176,203,27,19
98,173,75,25
147,178,31,25
244,251,7,22
204,221,17,24
213,210,-3,23
232,219,-13,19
210,218,8,17
233,263,30,11
275,307,32,7
268,272,4,5
230,173,-57,3
230,270,40,3
158,150,-8,5
130,119,-11,7
95,115,20,10
131,134,3,9
73,158,85,8
148,143,-5,9
147,148,1,7
141,140,-1,8
159,131,-28,5
114,108,-6,3
117,128,11,0
130,103,-27,-2
64,54,-10,-7
62,61,-1,-7
93,82,-11,-5
144,155,11,0
176,155,-21,3
164,214,50,8
141,183,42,13
153,166,13,13
141,217,76,15
176,168,-8,14
264,248,-16,11
251,255,4,11
257,213,-44,7
211,215,4,1
218,221,3,0
275,236,-39,-3
245,277,32,-6
277,271,-6,0
242,258,16,3
184,173,-11,13
111,184,73,19
99,140,41,25
37,141,104,26
131,133,2,30
109,142,33,27
141,153,12,29
196,196,0,24
139,136,-3,22
137,145,8,17
130,124,-6,11
116,124,8,5
102,119,17,4
80,74,-6,2
70,63,-7,4
87,82,-5,4
153,169,16,8
83,138,55,7
194,158,-36,6
123,194,71,1
219,169,-50,2
176,169,-7,-2
240,180,-60,-1
228,254,26,-4
275,249,-26,-5
218,211,-7,-11
222,222,0,-9
225,221,-4,-12
212,202,-10,-9
285,276,-9,-7
279,274,-5,-3
268,262,-6,-7
144,156,12,-5
198,200,2,-7
173,122,-51,-11
123,153,30,-7
212,141,-71,-4
176,153,-23,-4
70,157,87,0
108,105,-3,0
115,134,19,-1
128,119,-9,3
105,112,7,4
126,135,9,6
128,124,-4,9
72,76,4,9
41,60,19,4
73,73,0,5
83,102,19,4
152,131,-21,10
128,146,18,12
219,229,10,12
127,207,80,11
186,208,22,18
203,156,-47,17
178,197,19,19
136,237,101,21
243,234,-9,19
211,231,20,17
216,206,-10,19
205,206,1,14
235,256,21,11
259,286,27,12
281,296,15,9
266,201,-65,4
174,196,22,3
119,152,33,1
150,141,-9,-2
159,138,-21,-6
196,155,-41,-8
158,149,-9,-12
177,142,-35,-12
134,127,-7,-11
139,115,-24,-11
104,113,9,-13
107,112,5,-12
136,139,3,-10
128,113,-15,-7
73,54,-19,-4
67,67,0,1
75,92,17,4
100,118,18,7
87,134,47,12
161,175,14,13
140,156,16,16
130,207,77,19
216,175,-41,19
108,173,65,14
262,239,-23,15
260,241,-19,8
240,222,-18,4
198,210,12,0
205,198,-7,-3
294,243,-51,-9
280,288,8,-12
295,278,-17,-16
255,250,-5,-14
261,195,-66,-12
221,192,-29,-10
62,130,68,-9
160,140,-20,0
145,180,35,8
175,142,-33,15
38,176,138,18
80,164,84,24
149,137,-12,23
116,126,10,23
111,110,-1,19
155,143,-12,15
118,98,-20,10
84,65,-19,8
69,58,-11,0
74,64,-10,0
123,164,41,2
123,135,12,8
88,149,61,10
214,201,-13,13
73,162,89,12
189,168,-21,15
230,221,-9,11
241,212,-29,12
301,312,11,7
241,233,-8,4
206,215,9,0
231,222,-9,0
221,214,-7,-3
244,254,10,-3
294,296,2,0
269,274,5,3
244,214,-30,7
147,197,50,10
177,201,24,12
55,126,71,14
145,153,8,15
190,169,-21,9
42,98,56,8
166,122,-44,6
234,175,-59,0
125,119,-6,-1
131,112,-19,-6
113,110,-3,-12
135,137,2,-11
132,104,-28,-10
64,66,2,-12
66,70,4,-8
71,88,17,-7
169,143,-26,-6
142,123,-19,-3
211,189,-22,-4
168,187,19,-3
126,166,40,-5
200,154,-46,-10
131,147,16,-12
328,247,-81,-11
